14 0.26426426426426425 0.68 0.35435435435435436 0.636
14 0.960960960960961 0.65 0.07807807807807808 0.412
14 0.9174174174174174 0.533 0.02702702702702703 0.058
14 0.8918918918918919 0.521 0.024024024024024024 0.046
14 0.8633633633633634 0.516 0.02702702702702703 0.028
14 0.7177177177177178 0.518 0.03003003003003003 0.056
14 0.6846846846846847 0.515 0.024024024024024024 0.054
14 0.6336336336336337 0.54 0.042042042042042045 0.104
14 0.5795795795795796 0.517 0.024024024024024024 0.042
14 0.551051051051051 0.49 0.021021021021021023 0.028
14 0.5330330330330331 0.54 0.06306306306306306 0.1
14 0.44294294294294295 0.538 0.04504504504504504 0.096
14 0.38288288288288286 0.485 0.02702702702702703 0.03
14 0.8108108108108109 0.671 0.27627627627627627 0.41
