4 0.528 0.452 0.096 0.45066666666666666
4 0.753 0.384 0.082 0.384
4 0.693 0.30133333333333334 0.062 0.2826666666666667
4 0.637 0.304 0.066 0.23466666666666666
4 0.589 0.2906666666666667 0.062 0.2826666666666667
4 0.371 0.32666666666666666 0.074 0.30666666666666664
4 0.453 0.43466666666666665 0.098 0.432
4 0.246 0.2786666666666667 0.064 0.15733333333333333
4 0.289 0.24933333333333332 0.046 0.104
14 0.103 0.28933333333333333 0.202 0.5733333333333334
14 0.283 0.16266666666666665 0.246 0.31466666666666665
14 0.88 0.2853333333333333 0.24 0.5493333333333333
14 0.561 0.12666666666666668 0.282 0.23733333333333334
14 0.729 0.144 0.118 0.2826666666666667
