10 0.928 0.9 0.14 0.16279069767441862
10 0.337 0.9232558139534883 0.362 0.15348837209302327
10 0.674 0.8255813953488372 0.184 0.14418604651162792
8 0.806 0.8953488372093024 0.12 0.2
8 0.724 0.8744186046511628 0.044 0.21395348837209302
8 0.806 0.7697674418604651 0.06 0.08837209302325581
8 0.672 0.8790697674418605 0.08 0.22325581395348837
8 0.605 0.7465116279069768 0.03 0.03255813953488372
8 0.59 0.8465116279069768 0.056 0.22325581395348837
8 0.556 0.7651162790697674 0.016 0.06046511627906977
8 0.55 0.8976744186046511 0.064 0.19534883720930232
8 0.495 0.813953488372093 0.05 0.10232558139534884
8 0.518 0.7627906976744186 0.028 0.046511627906976744
8 0.382 0.7976744186046512 0.068 0.07906976744186046
8 0.296 0.9116279069767442 0.124 0.15813953488372093
8 0.226 0.8232558139534883 0.064 0.11162790697674418
8 0.257 0.786046511627907 0.022 0.046511627906976744
8 0.179 0.813953488372093 0.018 0.13023255813953488
8 0.132 0.8674418604651163 0.052 0.22790697674418606
14 0.953 0.7232558139534884 0.074 0.1813953488372093
14 0.124 0.7046511627906977 0.06 0.11627906976744186
14 0.088 0.713953488372093 0.028 0.12558139534883722
14 0.049 0.7255813953488373 0.05 0.14883720930232558
