4 0.39 0.8795180722891566 0.04 0.1686746987951807
4 0.624 0.838855421686747 0.056 0.20180722891566266
4 0.501 0.04066265060240964 0.042 0.07530120481927711
4 0.331 0.04216867469879518 0.034 0.0783132530120482
4 0.294 0.043674698795180725 0.032 0.08132530120481928
14 0.724 0.40512048192771083 0.54 0.47289156626506024
14 0.336 0.4819277108433735 0.308 0.608433734939759
14 0.24 0.7018072289156626 0.332 0.5963855421686747
14 0.639 0.5256024096385542 0.374 0.5993975903614458
14 0.735 0.6716867469879518 0.438 0.6566265060240963
