8 0.744 0.8333333333333334 0.24 0.3333333333333333
8 0.71 0.6733333333333333 0.132 0.168
8 0.336 0.8533333333333334 0.376 0.29333333333333333
8 0.958 0.704 0.084 0.24533333333333332
8 0.874 0.6146666666666667 0.06 0.14133333333333334
8 0.35 0.5826666666666667 0.044 0.11466666666666667
8 0.164 0.8066666666666666 0.124 0.38666666666666666
8 0.06 0.6946666666666667 0.112 0.28
10 0.488 0.8226666666666667 0.532 0.3546666666666667
10 0.162 0.6 0.192 0.112
14 0.529 0.5093333333333333 0.126 0.16
14 0.756 0.548 0.104 0.2
