13 0.987 0.43655589123867067 0.026 0.08157099697885196
13 0.842 0.4516616314199396 0.204 0.16012084592145015
13 0.64 0.5045317220543807 0.116 0.229607250755287
13 0.501 0.5694864048338368 0.134 0.24471299093655588
13 0.424 0.5513595166163142 0.092 0.19637462235649547
13 0.255 0.6132930513595166 0.162 0.37462235649546827
14 0.859 0.338368580060423 0.102 0.24169184290030213
14 0.657 0.4033232628398791 0.134 0.31722054380664655
14 0.496 0.4395770392749245 0.16 0.3957703927492447
14 0.429 0.4199395770392749 0.122 0.36253776435045315
14 0.266 0.4788519637462236 0.176 0.4501510574018127
