14 0.81 0.5306666666666666 0.084 0.208
14 0.76 0.472 0.084 0.18133333333333335
14 0.518 0.5466666666666666 0.108 0.2613333333333333
14 0.376 0.5653333333333334 0.136 0.2613333333333333
14 0.139 0.308 0.066 0.17866666666666667
14 0.229 0.37866666666666665 0.054 0.09066666666666667
14 0.282 0.37333333333333335 0.048 0.10133333333333333
14 0.446 0.4226666666666667 0.06 0.12
14 0.702 0.43066666666666664 0.028 0.15733333333333333
14 0.673 0.44266666666666665 0.038 0.10666666666666667
14 0.901 0.43066666666666664 0.038 0.104
1 0.404 0.668 0.228 0.22666666666666666
1 0.542 0.6093333333333333 0.208 0.184
1 0.821 0.604 0.166 0.17333333333333334
1 0.762 0.52 0.124 0.13333333333333333
14 0.992 0.42533333333333334 0.016 0.056
14 0.973 0.444 0.026 0.09333333333333334
14 0.947 0.44266666666666665 0.026 0.10666666666666667
