6 0.859 0.17899408284023668 0.242 0.15680473372781065
6 0.798 0.378698224852071 0.36 0.4260355029585799
6 0.567 0.15828402366863906 0.15 0.12130177514792899
6 0.413 0.15236686390532544 0.086 0.06804733727810651
6 0.364 0.15384615384615385 0.024 0.05325443786982249
6 0.232 0.14201183431952663 0.096 0.08284023668639054
6 0.086 0.15088757396449703 0.092 0.0650887573964497
14 0.243 0.11538461538461539 0.078 0.17159763313609466
14 0.333 0.13757396449704143 0.038 0.15680473372781065
14 0.161 0.20266272189349113 0.078 0.3165680473372781
14 0.479 0.25 0.214 0.2869822485207101
6 0.508 0.5532544378698225 0.908 0.7159763313609467
