8 0.835 0.8186666666666667 0.182 0.16
8 0.84 0.6706666666666666 0.192 0.19466666666666665
8 0.977 0.656 0.042 0.17066666666666666
8 0.976 0.8106666666666666 0.048 0.16
8 0.551 0.6533333333333333 0.05 0.192
8 0.55 0.8093333333333333 0.052 0.14666666666666667
8 0.341 0.6386666666666667 0.066 0.184
8 0.341 0.7946666666666666 0.066 0.14933333333333335
8 0.165 0.644 0.07 0.18933333333333333
8 0.154 0.796 0.036 0.15733333333333333
8 0.144 0.14666666666666667 0.056 0.16533333333333333
8 0.138 0.316 0.068 0.21066666666666667
8 0.362 0.15866666666666668 0.072 0.17866666666666667
8 0.356 0.31333333333333335 0.064 0.184
8 0.574 0.15733333333333333 0.052 0.176
8 0.58 0.33866666666666667 0.068 0.208
8 0.775 0.15733333333333333 0.05 0.176
8 0.772 0.31733333333333336 0.048 0.18133333333333335
8 0.982 0.15333333333333332 0.036 0.16266666666666665
8 0.98 0.32 0.04 0.18666666666666668
14 0.881 0.6706666666666666 0.182 0.22666666666666666
14 0.644 0.6733333333333333 0.204 0.20533333333333334
14 0.642 0.8106666666666666 0.204 0.16
14 0.417 0.796 0.178 0.15733333333333333
14 0.434 0.6426666666666667 0.184 0.19733333333333333
14 0.24 0.6226666666666667 0.176 0.21066666666666667
14 0.238 0.7986666666666666 0.172 0.14133333333333334
14 0.236 0.32266666666666666 0.204 0.208
14 0.226 0.14933333333333335 0.196 0.21333333333333335
14 0.448 0.14533333333333334 0.2 0.2
14 0.455 0.3586666666666667 0.222 0.264
14 0.655 0.17466666666666666 0.194 0.23733333333333334
14 0.701 0.36933333333333335 0.27 0.23733333333333334
14 0.871 0.152 0.19 0.208
14 0.889 0.36133333333333334 0.222 0.25333333333333335
14 0.058 0.15466666666666667 0.112 0.20266666666666666
14 0.118 0.34933333333333333 0.224 0.25066666666666665
