6 0.791 0.6253333333333333 0.414 0.2853333333333333
6 0.879 0.5386666666666666 0.242 0.144
6 0.427 0.56 0.198 0.17066666666666666
6 0.178 0.5653333333333334 0.352 0.21333333333333335
14 0.688 0.44266666666666665 0.092 0.14933333333333335
14 0.596 0.5426666666666666 0.104 0.34933333333333333
14 0.555 0.5506666666666666 0.054 0.31733333333333336
14 0.485 0.5786666666666667 0.094 0.3413333333333333
14 0.25 0.604 0.084 0.36533333333333334
14 0.172 0.588 0.1 0.38133333333333336
14 0.06 0.576 0.068 0.384
