14 0.434 0.33633633633633636 0.44 0.4144144144144144
8 0.22 0.6981981981981982 0.244 0.35135135135135137
8 0.671 0.6006006006006006 0.106 0.16216216216216217
8 0.092 0.45645645645645644 0.136 0.36036036036036034
8 0.288 0.33183183183183185 0.104 0.14114114114114115
8 0.16 0.5900900900900901 0.232 0.3933933933933934
8 0.232 0.31981981981981983 0.108 0.17117117117117117
8 0.075 0.22522522522522523 0.086 0.07207207207207207
8 0.051 0.33183183183183185 0.098 0.16516516516516516
14 0.62 0.6051051051051051 0.292 0.46546546546546547
14 0.362 0.6141141141141141 0.312 0.5075075075075075
10 0.502 0.9174174174174174 0.996 0.16516516516516516
