3 0.606 0.292 0.06 0.07733333333333334
3 0.721 0.2 0.066 0.064
3 0.684 0.29333333333333333 0.068 0.06933333333333333
3 0.784 0.2946666666666667 0.064 0.07733333333333334
3 0.849 0.2 0.082 0.058666666666666666
3 0.428 0.5986666666666667 0.136 0.2
3 0.194 0.35733333333333334 0.156 0.128
3 0.308 0.308 0.088 0.104
3 0.951 0.4053333333333333 0.098 0.112
3 0.972 0.292 0.056 0.06666666666666667
3 0.972 0.204 0.056 0.04533333333333334
3 0.086 0.17333333333333334 0.148 0.10666666666666667
3 0.219 0.156 0.058 0.056
