8 0.066 0.5586666666666666 0.12 0.296
8 0.681 0.8093333333333333 0.226 0.38133333333333336
4 0.947 0.16666666666666666 0.078 0.264
4 0.523 0.3973333333333333 0.03 0.14933333333333335
4 0.504 0.39866666666666667 0.028 0.14666666666666667
4 0.463 0.392 0.03 0.144
4 0.483 0.4013333333333333 0.03 0.14133333333333334
4 0.437 0.3893333333333333 0.026 0.13333333333333333
4 0.153 0.292 0.018 0.06133333333333333
4 0.173 0.292 0.018 0.06666666666666667
4 0.188 0.29733333333333334 0.016 0.050666666666666665
4 0.2 0.2946666666666667 0.02 0.06133333333333333
4 0.218 0.292 0.02 0.072
4 0.233 0.29333333333333333 0.018 0.058666666666666666
4 0.248 0.2946666666666667 0.02 0.06133333333333333
14 0.253 0.64 0.442 0.672
14 0.73 0.49866666666666665 0.44 0.992
14 0.858 0.584 0.284 0.832
