2 0.415 0.5386666666666666 0.146 0.416
2 0.716 0.6426666666666667 0.144 0.18666666666666668
2 0.502 0.49466666666666664 0.14 0.22133333333333333
2 0.614 0.48 0.076 0.176
2 0.211 0.5466666666666666 0.066 0.16533333333333333
2 0.244 0.512 0.048 0.11733333333333333
2 0.169 0.4186666666666667 0.066 0.128
2 0.143 0.35333333333333333 0.042 0.09866666666666667
2 0.054 0.38266666666666665 0.044 0.104
2 0.035 0.28 0.042 0.08
2 0.082 0.2826666666666667 0.056 0.10133333333333333
2 0.211 0.312 0.042 0.112
2 0.244 0.24533333333333332 0.052 0.096
2 0.294 0.25733333333333336 0.036 0.09866666666666667
2 0.374 0.26 0.036 0.11466666666666667
2 0.522 0.2693333333333333 0.048 0.08533333333333333
2 0.537 0.32 0.038 0.09066666666666667
2 0.623 0.30666666666666664 0.046 0.10666666666666667
2 0.67 0.3893333333333333 0.048 0.10133333333333333
2 0.655 0.33466666666666667 0.038 0.07733333333333334
2 0.555 0.4026666666666667 0.086 0.11733333333333333
2 0.82 0.35733333333333334 0.044 0.11733333333333333
2 0.774 0.4653333333333333 0.052 0.12
2 0.763 0.4066666666666667 0.034 0.09333333333333334
2 0.87 0.416 0.044 0.096
2 0.956 0.4666666666666667 0.06 0.13866666666666666
2 0.725 0.38133333333333336 0.07 0.11733333333333333
2 0.441 0.23866666666666667 0.07 0.088
2 0.982 0.684 0.036 0.06666666666666667
2 0.915 0.49733333333333335 0.07 0.08266666666666667
2 0.659 0.48533333333333334 0.038 0.11733333333333333
2 0.683 0.292 0.058 0.072
