8 0.087 0.472 0.17 0.11733333333333333
8 0.836 0.4613333333333333 0.084 0.10666666666666667
8 0.318 0.5146666666666667 0.164 0.16
8 0.379 0.6746666666666666 0.194 0.416
8 0.196 0.792 0.344 0.4106666666666667
8 0.706 0.5973333333333334 0.176 0.3413333333333333
8 0.868 0.6453333333333333 0.168 0.352
8 0.967 0.6693333333333333 0.066 0.14933333333333335
8 0.972 0.488 0.056 0.12266666666666666
10 0.855 0.5453333333333333 0.29 0.08266666666666667
10 0.149 0.5853333333333334 0.294 0.136
15 0.118 0.492 0.092 0.168
