7 0.52 0.7459893048128342 0.196 0.37433155080213903
14 0.82 0.32486631016042783 0.36 0.6390374331550802
14 0.469 0.3663101604278075 0.214 0.5240641711229946
14 0.324 0.3422459893048128 0.108 0.5401069518716578
14 0.199 0.3422459893048128 0.138 0.5454545454545454
14 0.121 0.3729946524064171 0.178 0.5213903743315508
14 0.876 0.10828877005347594 0.108 0.16844919786096257
14 0.659 0.34759358288770054 0.122 0.5721925133689839
14 0.574 0.36764705882352944 0.112 0.5320855614973262
14 0.041 0.232620320855615 0.078 0.20855614973262032
