1 0.955 0.4231974921630094 0.05 0.19435736677115986
1 0.897 0.47648902821316613 0.066 0.21316614420062696
1 0.714 0.5454545454545454 0.092 0.2884012539184953
1 0.481 0.7946708463949843 0.254 0.4106583072100313
1 0.193 0.7523510971786834 0.338 0.4952978056426332
14 0.958 0.3463949843260188 0.064 0.2727272727272727
14 0.899 0.38557993730407525 0.074 0.30094043887147337
14 0.72 0.438871473354232 0.108 0.3824451410658307
14 0.478 0.6253918495297806 0.208 0.5862068965517241
14 0.19 0.5344827586206896 0.272 0.6865203761755486
