1 0.066 0.4221556886227545 0.068 0.19161676646706588
1 0.545 0.4086826347305389 0.046 0.11077844311377245
1 0.486 0.6841317365269461 0.08 0.18862275449101795
1 0.634 0.6077844311377245 0.2 0.40119760479041916
1 0.759 0.7739520958083832 0.174 0.25449101796407186
14 0.783 0.3413173652694611 0.066 0.17365269461077845
14 0.726 0.3263473053892216 0.04 0.16167664670658682
14 0.696 0.30538922155688625 0.04 0.0718562874251497
14 0.437 0.2754491017964072 0.074 0.2155688622754491
14 0.289 0.5119760479041916 0.502 0.9760479041916168
14 0.848 0.594311377245509 0.208 0.811377245508982
14 0.643 0.38173652694610777 0.138 0.38622754491017963
14 0.954 0.30988023952095806 0.076 0.1467065868263473
14 0.364 0.24251497005988024 0.056 0.08383233532934131
