1 0.178 0.5993975903614458 0.156 0.1746987951807229
1 0.335 0.6129518072289156 0.154 0.20180722891566266
1 0.575 0.6370481927710844 0.166 0.2319277108433735
1 0.843 0.6792168674698795 0.214 0.2319277108433735
1 0.954 0.6837349397590361 0.076 0.24096385542168675
14 0.169 0.5587349397590361 0.062 0.2680722891566265
14 0.23 0.5466867469879518 0.064 0.28012048192771083
14 0.421 0.6144578313253012 0.094 0.45180722891566266
14 0.51 0.5481927710843374 0.08 0.3855421686746988
14 0.664 0.5948795180722891 0.048 0.37650602409638556
14 0.707 0.6204819277108434 0.094 0.40963855421686746
14 0.793 0.6024096385542169 0.082 0.40963855421686746
6 0.607 0.3569277108433735 0.15 0.1716867469879518
6 0.469 0.35993975903614456 0.17 0.14156626506024098
