3 0.538 0.49512987012987014 0.32 0.6915584415584416
3 0.131 0.16071428571428573 0.13 0.30844155844155846
3 0.16 0.09577922077922078 0.052 0.06168831168831169
3 0.354 0.12824675324675325 0.068 0.2435064935064935
3 0.46 0.056818181818181816 0.084 0.10714285714285714
3 0.5 0.1737012987012987 0.048 0.06818181818181818
3 0.657 0.25811688311688313 0.106 0.09415584415584416
3 0.785 0.20941558441558442 0.114 0.10064935064935066
3 0.932 0.15422077922077923 0.12 0.10064935064935066
3 0.823 0.05032467532467533 0.086 0.08766233766233766
3 0.617 0.04383116883116883 0.078 0.08116883116883117
