8 0.122 0.34534534534534533 0.236 0.21021021021021022
8 0.501 0.23123123123123124 0.19 0.18018018018018017
8 0.909 0.3663663663663664 0.178 0.24624624624624625
8 0.914 0.7312312312312312 0.152 0.15915915915915915
4 0.675 0.2552552552552553 0.034 0.13213213213213212
4 0.386 0.6036036036036037 0.048 0.24024024024024024
4 0.332 0.6426426426426426 0.04 0.1981981981981982
4 0.289 0.6636636636636637 0.066 0.24024024024024024
10 0.492 0.6321321321321322 0.98 0.7357357357357357
8 0.087 0.12762762762762764 0.154 0.24924924924924924
