6 0.703 0.7253333333333334 0.438 0.21333333333333335
6 0.259 0.8066666666666666 0.478 0.23733333333333334
6 0.116 0.5146666666666667 0.184 0.08533333333333333
6 0.402 0.548 0.2 0.11466666666666667
6 0.569 0.5586666666666666 0.234 0.11466666666666667
6 0.665 0.5146666666666667 0.154 0.06933333333333333
6 0.883 0.512 0.162 0.10666666666666667
6 0.953 0.5146666666666667 0.058 0.08533333333333333
6 0.519 0.48533333333333334 0.154 0.042666666666666665
6 0.279 0.5 0.134 0.072
14 0.87 0.44133333333333336 0.028 0.06133333333333333
14 0.896 0.42933333333333334 0.028 0.058666666666666666
14 0.924 0.43466666666666665 0.032 0.05333333333333334
14 0.459 0.43733333333333335 0.022 0.064
14 0.432 0.43066666666666664 0.024 0.06666666666666667
14 0.281 0.5333333333333333 0.022 0.15466666666666667
14 0.282 0.436 0.024 0.050666666666666665
14 0.306 0.49466666666666664 0.028 0.072
14 0.355 0.48133333333333334 0.038 0.056
14 0.392 0.468 0.04 0.04533333333333334
14 0.45 0.4693333333333333 0.032 0.048
14 0.147 0.45466666666666666 0.038 0.056
