13 0.526 0.6178247734138973 0.256 0.3716012084592145
14 0.502 0.4123867069486405 0.204 0.486404833836858
14 0.943 0.4033232628398791 0.042 0.16012084592145015
6 0.63 0.3293051359516616 0.108 0.06646525679758308
6 0.729 0.3474320241691843 0.158 0.09667673716012085
14 0.076 0.36253776435045315 0.036 0.1268882175226586
13 0.217 0.39274924471299094 0.082 0.09063444108761329
13 0.26 0.3640483383685801 0.024 0.0634441087613293
13 0.286 0.3776435045317221 0.036 0.08459214501510574
13 0.32 0.3851963746223565 0.028 0.09969788519637462
13 0.351 0.3867069486404834 0.038 0.07854984894259819
13 0.64 0.3957703927492447 0.056 0.08459214501510574
13 0.792 0.4093655589123867 0.06 0.05740181268882175
