12 0.959 0.45345345345345345 0.082 0.0960960960960961
12 0.555 0.466966966966967 0.066 0.07507507507507508
12 0.628 0.45645645645645644 0.044 0.07807807807807808
12 0.289 0.47147147147147145 0.042 0.09009009009009009
12 0.238 0.47597597597597596 0.032 0.0990990990990991
12 0.214 0.4774774774774775 0.028 0.1021021021021021
14 0.962 0.42342342342342343 0.02 0.07207207207207207
14 0.625 0.42792792792792794 0.014 0.06306306306306306
14 0.563 0.43543543543543545 0.022 0.05405405405405406
14 0.296 0.4339339339339339 0.02 0.057057057057057055
14 0.245 0.44294294294294295 0.018 0.06306306306306306
14 0.214 0.45345345345345345 0.028 0.07807807807807808
