14 0.7373333333333333 0.599 0.088 0.082
14 0.772 0.579 0.024 0.034
14 0.8693333333333333 0.612 0.058666666666666666 0.096
14 0.9493333333333334 0.658 0.10133333333333333 0.236
14 0.5066666666666667 0.597 0.02666666666666667 0.054
14 0.46266666666666667 0.595 0.029333333333333333 0.058
14 0.436 0.595 0.018666666666666668 0.066
14 0.4093333333333333 0.621 0.04533333333333334 0.118
14 0.37866666666666665 0.57 0.021333333333333333 0.032
14 0.2906666666666667 0.62 0.042666666666666665 0.104
14 0.3586666666666667 0.639 0.08266666666666667 0.158
14 0.21866666666666668 0.621 0.05333333333333334 0.13
14 0.12666666666666668 0.705 0.184 0.358
14 0.624 0.502 0.07466666666666667 0.196
