4 0.961 0.4744744744744745 0.078 0.5825825825825826
4 0.975 0.12912912912912913 0.05 0.25225225225225223
4 0.851 0.3933933933933934 0.242 0.7807807807807807
4 0.857 0.1021021021021021 0.19 0.1981981981981982
4 0.646 0.38738738738738737 0.212 0.7687687687687688
4 0.671 0.1111111111111111 0.19 0.21621621621621623
4 0.543 0.1066066066066066 0.07 0.2072072072072072
4 0.448 0.36936936936936937 0.196 0.7327327327327328
4 0.348 0.08408408408408409 0.084 0.16216216216216217
4 0.258 0.34684684684684686 0.192 0.6876876876876877
4 0.08 0.32732732732732733 0.156 0.6486486486486487
4 0.145 0.06756756756756757 0.078 0.12912912912912913
4 0.08 0.7447447447447447 0.156 0.3003003003003003
4 0.048 0.8603603603603603 0.092 0.27927927927927926
4 0.127 0.9519519519519519 0.154 0.0960960960960961
4 0.184 0.8753753753753754 0.18 0.24924924924924924
4 0.242 0.7792792792792793 0.156 0.3213213213213213
4 0.423 0.8063063063063063 0.162 0.32732732732732733
4 0.362 0.8888888888888888 0.184 0.2222222222222222
4 0.314 0.9744744744744744 0.144 0.05105105105105105
4 0.586 0.8273273273273273 0.168 0.3333333333333333
4 0.538 0.9024024024024024 0.188 0.19519519519519518
4 0.509 0.984984984984985 0.11 0.03003003003003003
4 0.761 0.8438438438438438 0.174 0.3003003003003003
4 0.714 0.9159159159159159 0.164 0.16816816816816818
4 0.912 0.9309309309309309 0.168 0.13813813813813813
4 0.923 0.8438438438438438 0.154 0.24624624624624625
