4 0.553 0.1021021021021021 0.018 0.04804804804804805
4 0.577 0.1006006006006006 0.018 0.04504504504504504
4 0.678 0.11261261261261261 0.036 0.15915915915915915
4 0.648 0.1066066066066066 0.032 0.12312312312312312
4 0.619 0.0945945945945946 0.026 0.09309309309309309
4 0.594 0.10510510510510511 0.024 0.0960960960960961
4 0.566 0.11861861861861862 0.032 0.10510510510510511
4 0.538 0.13963963963963963 0.024 0.13513513513513514
4 0.514 0.14264264264264265 0.032 0.13513513513513514
4 0.98 0.6291291291291291 0.04 0.12912912912912913
4 0.952 0.6591591591591591 0.036 0.2012012012012012
4 0.916 0.6561561561561562 0.04 0.2072072072072072
4 0.875 0.6576576576576577 0.038 0.1981981981981982
4 0.847 0.6351351351351351 0.034 0.1831831831831832
14 0.598 0.5690690690690691 0.804 0.8618618618618619
