4 0.987 0.3993993993993994 0.022 0.13213213213213212
4 0.964 0.3978978978978979 0.028 0.12912912912912913
4 0.938 0.3948948948948949 0.02 0.12912912912912913
4 0.918 0.3948948948948949 0.024 0.12912912912912913
4 0.993 0.5735735735735735 0.014 0.14414414414414414
4 0.974 0.575075075075075 0.024 0.14114114114114115
4 0.955 0.5735735735735735 0.018 0.13213213213213212
4 0.935 0.56006006006006 0.018 0.13513513513513514
4 0.92 0.5585585585585585 0.016 0.13813813813813813
4 0.9 0.56006006006006 0.032 0.13513513513513514
14 0.697 0.6516516516516516 0.294 0.5885885885885885
14 0.543 0.5705705705705706 0.106 0.2822822822822823
14 0.38 0.6381381381381381 0.324 0.7237237237237237
14 0.18 0.6501501501501501 0.352 0.6876876876876877
4 0.724 0.14114114114114115 0.016 0.1021021021021021
4 0.735 0.13063063063063063 0.01 0.10510510510510511
4 0.748 0.12762762762762764 0.016 0.10510510510510511
4 0.764 0.12612612612612611 0.02 0.12012012012012012
4 0.791 0.11861861861861862 0.022 0.12912912912912913
4 0.813 0.1111111111111111 0.022 0.13213213213213212
