13 0.625 0.6111111111111112 0.65 0.6410256410256411
14 0.578 0.3803418803418803 0.528 0.7051282051282052
14 0.319 0.20512820512820512 0.054 0.1111111111111111
14 0.25 0.20085470085470086 0.04 0.1282051282051282
14 0.223 0.21581196581196582 0.054 0.09829059829059829
14 0.156 0.20619658119658119 0.044 0.13034188034188035
14 0.11 0.21794871794871795 0.068 0.1111111111111111
14 0.048 0.21581196581196582 0.052 0.10683760683760683
14 0.388 0.20619658119658119 0.032 0.11324786324786325
14 0.419 0.1955128205128205 0.038 0.10042735042735043
14 0.777 0.21794871794871795 0.034 0.042735042735042736
14 0.757 0.21581196581196582 0.03 0.05555555555555555
14 0.866 0.21047008547008547 0.036 0.057692307692307696
14 0.828 0.21794871794871795 0.032 0.04700854700854701
