8 0.875 0.812 0.25 0.376
8 0.151 0.7933333333333333 0.298 0.41333333333333333
14 0.829 0.43866666666666665 0.134 0.232
14 0.915 0.576 0.17 0.6613333333333333
14 0.798 0.328 0.132 0.304
14 0.711 0.3293333333333333 0.106 0.30666666666666664
14 0.576 0.29333333333333333 0.124 0.21866666666666668
14 0.4 0.26666666666666666 0.136 0.20266666666666666
14 0.084 0.3293333333333333 0.092 0.19466666666666665
14 0.321 0.636 0.41 0.728
14 0.111 0.532 0.218 0.5786666666666667
14 0.299 0.23866666666666667 0.078 0.09866666666666667
10 0.593 0.6933333333333334 0.518 0.6133333333333333
