6 0.51 0.4653333333333333 0.748 0.31733333333333336
14 0.627 0.38666666666666666 0.066 0.07466666666666667
14 0.942 0.2613333333333333 0.044 0.256
14 0.916 0.17733333333333334 0.028 0.08266666666666667
14 0.858 0.272 0.04 0.22933333333333333
14 0.819 0.2693333333333333 0.046 0.22933333333333333
14 0.894 0.344 0.092 0.368
14 0.724 0.244 0.1 0.232
14 0.624 0.24666666666666667 0.12 0.152
14 0.562 0.24666666666666667 0.056 0.12
14 0.5 0.24266666666666667 0.076 0.16
14 0.422 0.272 0.052 0.20266666666666666
14 0.325 0.2773333333333333 0.078 0.24
14 0.275 0.2906666666666667 0.062 0.224
14 0.133 0.312 0.078 0.304
14 0.077 0.336 0.078 0.304
14 0.018 0.328 0.028 0.30933333333333335
