15 0.887 0.33066666666666666 0.09 0.256
15 0.623 0.236 0.122 0.12533333333333332
15 0.74 0.212 0.16 0.17866666666666667
15 0.457 0.14666666666666667 0.13 0.2826666666666667
15 0.33 0.156 0.188 0.296
15 0.246 0.28 0.092 0.096
15 0.166 0.28933333333333333 0.08 0.104
15 0.143 0.09466666666666666 0.134 0.184
15 0.119 0.5173333333333333 0.138 0.272
15 0.393 0.5426666666666666 0.11 0.14133333333333334
15 0.315 0.5173333333333333 0.098 0.112
15 0.229 0.5573333333333333 0.114 0.13333333333333333
15 0.519 0.568 0.126 0.13333333333333333
15 0.622 0.49733333333333335 0.136 0.18933333333333333
15 0.745 0.5946666666666667 0.13 0.23466666666666666
