1 0.5413333333333333 0.747 0.05333333333333334 0.138
1 0.7453333333333333 0.771 0.14133333333333334 0.23
1 0.8746666666666667 0.873 0.24533333333333332 0.254
1 0.6933333333333334 0.712 0.096 0.144
1 0.2853333333333333 0.7 0.08533333333333333 0.128
14 0.2986666666666667 0.651 0.10666666666666667 0.202
14 0.12266666666666666 0.707 0.10133333333333333 0.278
14 0.04 0.696 0.07466666666666667 0.256
14 0.5346666666666666 0.672 0.12533333333333332 0.248
14 0.6026666666666667 0.651 0.05333333333333334 0.154
14 0.6933333333333334 0.638 0.10133333333333333 0.116
14 0.7506666666666667 0.699 0.14666666666666667 0.262
14 0.844 0.749 0.30666666666666664 0.502
