10 0.626 0.8303303303303303 0.652 0.33933933933933935
4 0.64 0.6981981981981982 0.032 0.11711711711711711
4 0.527 0.6726726726726727 0.03 0.15015015015015015
14 0.905 0.7342342342342343 0.19 0.5315315315315315
14 0.771 0.6351351351351351 0.166 0.3933933933933934
14 0.68 0.5870870870870871 0.116 0.2732732732732733
14 0.597 0.5705705705705706 0.098 0.24024024024024024
14 0.874 0.5045045045045045 0.252 0.4624624624624625
14 0.351 0.6171171171171171 0.11 0.2132132132132132
14 0.216 0.5900900900900901 0.072 0.16516516516516516
14 0.229 0.7702702702702703 0.198 0.4594594594594595
14 0.193 0.7717717717717718 0.382 0.45645645645645644
