10 0.301 0.6197604790419161 0.394 0.38922155688622756
10 0.134 0.4341317365269461 0.248 0.18562874251497005
10 0.472 0.38772455089820357 0.152 0.12275449101796407
14 0.819 0.6047904191616766 0.362 0.7904191616766467
14 0.571 0.6047904191616766 0.202 0.7904191616766467
14 0.522 0.27245508982035926 0.048 0.12574850299401197
8 0.348 0.7395209580838323 0.164 0.31736526946107785
8 0.451 0.6661676646706587 0.134 0.3323353293413174
8 0.165 0.7200598802395209 0.21 0.344311377245509
8 0.103 0.6467065868263473 0.174 0.31736526946107785
8 0.059 0.49251497005988026 0.11 0.17664670658682635
8 0.161 0.4251497005988024 0.086 0.059880239520958084
8 0.24 0.3562874251497006 0.036 0.04790419161676647
8 0.451 0.44461077844311375 0.066 0.06287425149700598
