4 0.935 0.656 0.03 0.16
4 0.968 0.652 0.036 0.152
4 0.046 0.15866666666666668 0.052 0.24266666666666667
4 0.172 0.22666666666666666 0.044 0.18666666666666668
4 0.3 0.2613333333333333 0.028 0.18133333333333335
4 0.323 0.284 0.034 0.152
4 0.104 0.43866666666666665 0.052 0.22133333333333333
4 0.147 0.444 0.05 0.20533333333333334
4 0.25 0.45066666666666666 0.04 0.176
4 0.277 0.4266666666666667 0.03 0.112
4 0.06 0.732 0.052 0.22666666666666666
4 0.193 0.696 0.042 0.19733333333333333
4 0.216 0.6346666666666667 0.028 0.096
4 0.123 0.9346666666666666 0.034 0.13066666666666665
4 0.161 0.9226666666666666 0.05 0.15466666666666667
14 0.355 0.6933333333333334 0.27 0.6133333333333333
14 0.674 0.6133333333333333 0.476 0.7733333333333333
