14 0.803 0.5573248407643312 0.102 0.29936305732484075
9 0.224 0.5557324840764332 0.248 0.28343949044585987
9 0.4 0.5684713375796179 0.02 0.054140127388535034
9 0.461 0.5748407643312102 0.042 0.054140127388535034
9 0.978 0.6401273885350318 0.044 0.03184713375796178
9 0.94 0.6401273885350318 0.036 0.044585987261146494
9 0.933 0.6194267515923567 0.05 0.022292993630573247
9 0.844 0.6146496815286624 0.028 0.03184713375796178
9 0.772 0.6146496815286624 0.044 0.03184713375796178
6 0.944 0.5700636942675159 0.052 0.03184713375796178
6 0.778 0.5684713375796179 0.052 0.022292993630573247
6 0.651 0.5684713375796179 0.046 0.03503184713375796
6 0.498 0.5652866242038217 0.04 0.028662420382165606
