5 0.816 0.713855421686747 0.128 0.12048192771084337
5 0.904 0.7213855421686747 0.052 0.08734939759036145
5 0.95 0.7304216867469879 0.036 0.08132530120481928
5 0.982 0.733433734939759 0.024 0.0572289156626506
14 0.912 0.7921686746987951 0.032 0.1144578313253012
14 0.772 0.7515060240963856 0.028 0.045180722891566265
14 0.695 0.786144578313253 0.026 0.10240963855421686
14 0.672 0.7831325301204819 0.036 0.12650602409638553
14 0.545 0.7801204819277109 0.03 0.12650602409638553
14 0.437 0.7756024096385542 0.034 0.12951807228915663
14 0.309 0.7695783132530121 0.03 0.12349397590361445
14 0.258 0.7680722891566265 0.04 0.13855421686746988
14 0.195 0.7650602409638554 0.038 0.14457831325301204
14 0.13 0.7620481927710844 0.028 0.14457831325301204
