2 0.266 0.20347394540942929 0.132 0.1588089330024814
2 0.683 0.23076923076923078 0.086 0.13895781637717122
2 0.774 0.18238213399503722 0.156 0.3200992555831266
2 0.484 0.46029776674937967 0.1 0.17121588089330025
2 0.211 0.5682382133995038 0.094 0.1488833746898263
2 0.138 0.7468982630272953 0.196 0.10421836228287841
2 0.19 0.8858560794044665 0.148 0.13895781637717122
2 0.404 0.7047146401985112 0.08 0.20347394540942929
2 0.72 0.7593052109181141 0.036 0.05459057071960298
2 0.567 0.8287841191066998 0.194 0.09429280397022333
2 0.874 0.6439205955334988 0.156 0.18610421836228289
