14 0.481 0.4789156626506024 0.074 0.2891566265060241
14 0.304 0.5632530120481928 0.052 0.19879518072289157
14 0.204 0.5512048192771084 0.032 0.18674698795180722
14 0.154 0.5466867469879518 0.036 0.14759036144578314
14 0.746 0.5873493975903614 0.048 0.1746987951807229
14 0.846 0.5873493975903614 0.04 0.18072289156626506
14 0.944 0.5993975903614458 0.056 0.1566265060240964
11 0.878 0.6204819277108434 0.08 0.10843373493975904
11 0.234 0.6521084337349398 0.08 0.05120481927710843
11 0.149 0.6656626506024096 0.066 0.030120481927710843
11 0.112 0.6671686746987951 0.084 0.06325301204819277
12 0.522 0.608433734939759 0.292 0.2891566265060241
