5 0.931 0.368 0.138 0.24
5 0.695 0.468 0.342 0.312
5 0.468 0.496 0.124 0.11733333333333333
5 0.363 0.5133333333333333 0.086 0.07733333333333334
5 0.148 0.5146666666666667 0.204 0.304
6 0.878 0.6133333333333333 0.244 0.24533333333333332
6 0.851 0.5813333333333334 0.206 0.12266666666666666
6 0.663 0.596 0.154 0.11466666666666667
6 0.558 0.624 0.248 0.14933333333333335
6 0.419 0.608 0.102 0.112
6 0.513 0.5546666666666666 0.086 0.02666666666666667
6 0.322 0.5946666666666667 0.096 0.09066666666666667
6 0.261 0.58 0.042 0.072
