10 0.739 0.4266666666666667 0.522 0.20266666666666666
10 0.207 0.8973333333333333 0.41 0.20533333333333334
10 0.157 0.3933333333333333 0.302 0.2853333333333333
10 0.283 0.18 0.506 0.136
10 0.743 0.152 0.162 0.112
8 0.876 0.22933333333333333 0.064 0.22933333333333333
8 0.943 0.4226666666666667 0.114 0.216
8 0.783 0.26666666666666666 0.154 0.16
8 0.261 0.20133333333333334 0.078 0.12533333333333332
8 0.306 0.23066666666666666 0.096 0.12533333333333332
8 0.428 0.25333333333333335 0.1 0.224
8 0.071 0.468 0.13 0.4613333333333333
14 0.283 0.58 0.486 0.7386666666666667
14 0.644 0.5893333333333334 0.712 0.8053333333333333
14 0.572 0.10533333333333333 0.108 0.15733333333333333
14 0.303 0.11066666666666666 0.134 0.16266666666666665
14 0.14 0.072 0.068 0.13866666666666666
14 0.344 0.058666666666666666 0.052 0.112
14 0.942 0.148 0.088 0.136
