8 0.124 0.5773333333333334 0.072 0.10933333333333334
8 0.284 0.576 0.076 0.07466666666666667
8 0.394 0.568 0.08 0.048
8 0.517 0.5706666666666667 0.082 0.048
8 0.63 0.58 0.084 0.06666666666666667
8 0.788 0.5893333333333334 0.072 0.10666666666666667
8 0.812 0.716 0.136 0.31733333333333336
8 0.675 0.7693333333333333 0.142 0.3333333333333333
8 0.522 0.76 0.12 0.336
8 0.379 0.7613333333333333 0.122 0.3333333333333333
8 0.238 0.7573333333333333 0.132 0.3413333333333333
10 0.471 0.7333333333333333 0.662 0.272
8 0.107 0.7066666666666667 0.126 0.33066666666666666
