14 0.453 0.21706586826347304 0.106 0.3502994011976048
14 0.28 0.33083832335329344 0.124 0.3083832335329341
14 0.175 0.4026946107784431 0.178 0.5958083832335329
14 0.844 0.23053892215568864 0.056 0.2215568862275449
14 0.961 0.218562874251497 0.078 0.23952095808383234
14 0.69 0.5029940119760479 0.452 0.9880239520958084
1 0.936 0.30538922155688625 0.128 0.15568862275449102
1 0.796 0.344311377245509 0.036 0.11976047904191617
1 0.444 0.47604790419161674 0.088 0.2934131736526946
1 0.309 0.4491017964071856 0.122 0.11377245508982035
1 0.176 0.7050898203592815 0.14 0.4281437125748503
1 0.63 0.8248502994011976 0.372 0.3502994011976048
1 0.969 0.8517964071856288 0.062 0.2964071856287425
