8 0.851 0.916 0.298 0.168
8 0.887 0.7226666666666667 0.226 0.3413333333333333
8 0.777 0.48533333333333334 0.062 0.10133333333333333
8 0.333 0.4666666666666667 0.158 0.144
8 0.101 0.3253333333333333 0.046 0.042666666666666665
10 0.507 0.748 0.558 0.504
14 0.884 0.5773333333333334 0.208 0.5466666666666666
14 0.704 0.5106666666666667 0.14 0.2693333333333333
14 0.141 0.7133333333333334 0.278 0.5733333333333334
14 0.048 0.48933333333333334 0.092 0.2906666666666667
14 0.194 0.3973333333333333 0.112 0.224
14 0.308 0.352 0.088 0.17066666666666666
14 0.292 0.27466666666666667 0.056 0.192
4 0.629 0.6506666666666666 0.054 0.21333333333333335
