6 0.3183183183183183 0.285 0.5885885885885885 0.154
6 0.5075075075075075 0.584 0.984984984984985 0.76
14 0.06606606606606606 0.26 0.12612612612612611 0.204
14 0.6516516516516516 0.211 0.0960960960960961 0.094
14 0.5405405405405406 0.216 0.05405405405405406 0.096
14 0.11261261261261261 0.2 0.06906906906906907 0.044
14 0.3408408408408408 0.222 0.07507507507507508 0.088
14 0.4864864864864865 0.217 0.07207207207207207 0.062
14 0.8198198198198198 0.2 0.06606606606606606 0.044
14 0.9819819819819819 0.204 0.036036036036036036 0.036
14 0.9009009009009009 0.195 0.07807807807807808 0.046
