15 0.6114583333333333 0.9138888888888889 0.08125 0.1111111111111111
15 0.55625 0.8388888888888889 0.08333333333333333 0.1388888888888889
15 0.6375 0.7444444444444445 0.1 0.34444444444444444
15 0.975 0.8638888888888889 0.05 0.1
15 0.984375 0.6833333333333333 0.03125 0.10555555555555556
15 0.98125 0.5194444444444445 0.0375 0.1
15 0.98125 0.35138888888888886 0.0375 0.10277777777777777
15 0.9739583333333334 0.18888888888888888 0.052083333333333336 0.12777777777777777
15 0.98125 0.058333333333333334 0.0375 0.1111111111111111
15 0.696875 0.5847222222222223 0.16875 0.21944444444444444
15 0.5447916666666667 0.4152777777777778 0.13125 0.5138888888888888
15 0.43125 0.6236111111111111 0.06666666666666667 0.08055555555555556
15 0.38229166666666664 0.5541666666666667 0.08125 0.1361111111111111
15 0.29375 0.35 0.26666666666666666 0.24444444444444444
15 0.07604166666666666 0.6222222222222222 0.06041666666666667 0.11666666666666667
15 0.020833333333333332 0.6791666666666667 0.0375 0.075
15 0.028125 0.6152777777777778 0.052083333333333336 0.125
8 0.13645833333333332 0.6097222222222223 0.25625 0.4583333333333333
8 0.47708333333333336 0.5680555555555555 0.21666666666666667 0.44166666666666665
