14 0.894 0.5542521994134897 0.212 0.8914956011730205
14 0.291 0.22140762463343108 0.042 0.09090909090909091
14 0.19 0.20087976539589442 0.032 0.05571847507331378
14 0.476 0.187683284457478 0.104 0.14076246334310852
14 0.776 0.1656891495601173 0.06 0.06744868035190615
6 0.443 0.5909090909090909 0.874 0.8181818181818182
6 0.159 0.32404692082111436 0.23 0.1906158357771261
6 0.069 0.3035190615835777 0.134 0.16715542521994134
14 0.478 0.19648093841642228 0.092 0.14076246334310852
14 0.464 0.4706744868035191 0.128 0.24926686217008798
14 0.288 0.22140762463343108 0.036 0.08504398826979472
14 0.19 0.19794721407624633 0.036 0.05571847507331378
