12 0.461 0.6333333333333333 0.694 0.552
12 0.937 0.19466666666666665 0.126 0.384
14 0.826 0.17733333333333334 0.12 0.30666666666666664
14 0.748 0.19333333333333333 0.092 0.376
14 0.669 0.17466666666666666 0.094 0.30666666666666664
14 0.642 0.5933333333333334 0.112 0.5253333333333333
14 0.774 0.8786666666666667 0.172 0.24266666666666667
14 0.564 0.9093333333333333 0.14 0.18133333333333335
14 0.366 0.08533333333333333 0.06 0.11733333333333333
14 0.292 0.064 0.072 0.11733333333333333
14 0.188 0.192 0.056 0.37333333333333335
14 0.236 0.19333333333333333 0.096 0.37066666666666664
14 0.33 0.216 0.128 0.3253333333333333
14 0.051 0.8026666666666666 0.094 0.39466666666666667
14 0.03 0.21066666666666667 0.056 0.37866666666666665
