13 0.406 0.7266666666666667 0.112 0.264
13 0.298 0.6973333333333334 0.124 0.184
14 0.07 0.6453333333333333 0.044 0.16533333333333333
14 0.122 0.6546666666666666 0.056 0.20533333333333334
14 0.173 0.6573333333333333 0.054 0.2
14 0.182 0.6293333333333333 0.036 0.19733333333333333
14 0.209 0.632 0.042 0.24
14 0.294 0.648 0.116 0.29333333333333333
14 0.414 0.66 0.124 0.37066666666666664
14 0.52 0.6866666666666666 0.056 0.2853333333333333
14 0.594 0.6813333333333333 0.044 0.264
14 0.631 0.6786666666666666 0.046 0.2693333333333333
11 0.667 0.7786666666666666 0.098 0.10133333333333333
14 0.686 0.672 0.052 0.18666666666666668
14 0.754 0.6973333333333334 0.06 0.232
14 0.808 0.704 0.04 0.23466666666666666
14 0.859 0.6733333333333333 0.062 0.2906666666666667
14 0.71 0.6733333333333333 0.044 0.27466666666666667
14 0.493 0.5973333333333334 0.034 0.13333333333333333
