14 0.55 0.5761363636363637 0.268 0.6977272727272728
14 0.275 0.3522727272727273 0.094 0.2772727272727273
14 0.066 0.34204545454545454 0.1 0.28863636363636364
14 0.344 0.26136363636363635 0.068 0.06818181818181818
2 0.809 0.17613636363636365 0.154 0.16136363636363638
2 0.936 0.7159090909090909 0.084 0.10454545454545454
2 0.648 0.6806818181818182 0.108 0.08409090909090909
2 0.639 0.6386363636363637 0.026 0.02727272727272727
2 0.581 0.6647727272727273 0.026 0.07045454545454545
2 0.89 0.6613636363636364 0.092 0.06818181818181818
2 0.086 0.6534090909090909 0.032 0.075
2 0.051 0.8170454545454545 0.05 0.10227272727272728
2 0.186 0.8829545454545454 0.112 0.11136363636363636
2 0.448 0.8704545454545455 0.112 0.13636363636363635
2 0.599 0.7852272727272728 0.074 0.0659090909090909
2 0.603 0.8738636363636364 0.038 0.08409090909090909
2 0.644 0.8090909090909091 0.112 0.07727272727272727
2 0.739 0.8818181818181818 0.134 0.12727272727272726
2 0.709 0.8704545454545455 0.07 0.08636363636363636
2 0.862 0.865909090909091 0.12 0.14545454545454545
2 0.944 0.8806818181818182 0.112 0.10681818181818181
2 0.921 0.821590909090909 0.062 0.06136363636363636
2 0.864 0.8068181818181818 0.088 0.08636363636363636
2 0.85 0.8943181818181818 0.136 0.08863636363636364
