8 0.65 0.8591836734693877 0.132 0.2816326530612245
8 0.76 0.8653061224489796 0.14 0.2693877551020408
8 0.736 0.6306122448979592 0.08 0.20816326530612245
8 0.681 0.5285714285714286 0.058 0.06938775510204082
8 0.567 0.6142857142857143 0.07 0.20816326530612245
14 0.838 0.7918367346938775 0.292 0.4163265306122449
14 0.968 0.8061224489795918 0.064 0.3795918367346939
14 0.121 0.8204081632653061 0.234 0.35918367346938773
14 0.197 0.6959183673469388 0.142 0.3551020408163265
14 0.053 0.6469387755102041 0.094 0.2897959183673469
14 0.106 0.5061224489795918 0.08 0.19591836734693877
14 0.594 0.4857142857142857 0.164 0.5224489795918368
