4 0.79 0.9133333333333333 0.024 0.136
4 0.732 0.8946666666666667 0.028 0.136
4 0.752 0.8773333333333333 0.016 0.058666666666666666
4 0.771 0.8733333333333333 0.026 0.072
14 0.287 0.7 0.17 0.344
14 0.598 0.7546666666666667 0.096 0.176
14 0.703 0.7853333333333333 0.134 0.20533333333333334
14 0.856 0.6973333333333334 0.208 0.216
14 0.911 0.8293333333333334 0.174 0.3413333333333333
14 0.465 0.7986666666666666 0.254 0.4026666666666667
14 0.197 0.868 0.238 0.264
15 0.516 0.412 0.16 0.12
15 0.186 0.37333333333333335 0.216 0.112
