14 0.391 0.3738738738738739 0.126 0.42342342342342343
12 0.367 0.581081081081081 0.458 0.5435435435435435
12 0.637 0.33183183183183185 0.17 0.2012012012012012
14 0.633 0.2627627627627628 0.042 0.17117117117117117
14 0.759 0.33183183183183185 0.03 0.13513513513513514
14 0.953 0.34384384384384387 0.026 0.0990990990990991
14 0.839 0.34384384384384387 0.046 0.1111111111111111
14 0.793 0.3483483483483483 0.042 0.0960960960960961
14 0.318 0.36936936936936937 0.032 0.1021021021021021
14 0.23 0.37237237237237236 0.04 0.10810810810810811
14 0.196 0.3813813813813814 0.04 0.09009009009009009
14 0.154 0.3183183183183183 0.028 0.04804804804804805
14 0.147 0.3738738738738739 0.046 0.11711711711711711
14 0.109 0.3768768768768769 0.042 0.0990990990990991
14 0.072 0.38738738738738737 0.04 0.1021021021021021
14 0.02 0.36936936936936937 0.036 0.13213213213213212
14 0.084 0.35135135135135137 0.024 0.04804804804804805
14 0.204 0.24324324324324326 0.04 0.04804804804804805
14 0.199 0.2987987987987988 0.034 0.05105105105105105
14 0.523 0.2987987987987988 0.034 0.06306306306306306
