6 0.121 0.6853333333333333 0.238 0.23466666666666666
6 0.393 0.6466666666666666 0.102 0.088
6 0.552 0.636 0.04 0.07733333333333334
14 0.821 0.664 0.066 0.18666666666666668
14 0.588 0.6546666666666666 0.032 0.15733333333333333
14 0.669 0.6613333333333333 0.022 0.144
14 0.736 0.648 0.044 0.16
14 0.945 0.6866666666666666 0.046 0.17866666666666667
14 0.986 0.684 0.028 0.18933333333333333
14 0.918 0.6666666666666666 0.044 0.16
6 0.457 0.6 0.102 0.13866666666666666
6 0.531 0.604 0.054 0.07733333333333334
14 0.881 0.6306666666666667 0.018 0.10933333333333334
