10 0.5472222222222223 0.30625 0.25555555555555554 0.058333333333333334
10 0.5527777777777778 0.403125 0.40555555555555556 0.14375
10 0.5236111111111111 0.5791666666666667 0.6083333333333333 0.225
10 0.5347222222222222 0.8385416666666666 0.9194444444444444 0.3229166666666667
10 0.5541666666666667 0.23541666666666666 0.18611111111111112 0.020833333333333332
10 0.55 0.26666666666666666 0.2111111111111111 0.05
10 0.08194444444444444 0.259375 0.10833333333333334 0.06875
10 0.17916666666666667 0.23229166666666667 0.058333333333333334 0.05625
8 0.41944444444444445 0.25416666666666665 0.07222222222222222 0.07083333333333333
8 0.39305555555555555 0.271875 0.09166666666666666 0.08125
8 0.375 0.290625 0.1 0.09375
8 0.34444444444444444 0.33958333333333335 0.12222222222222222 0.14166666666666666
8 0.3 0.3854166666666667 0.16111111111111112 0.15
8 0.2625 0.46458333333333335 0.18611111111111112 0.25416666666666665
8 0.13472222222222222 0.6364583333333333 0.24722222222222223 0.41458333333333336
8 0.08194444444444444 0.925 0.14722222222222223 0.14583333333333334
8 0.34444444444444444 0.234375 0.07222222222222222 0.05625
10 0.3388888888888889 0.23541666666666666 0.12777777777777777 0.07083333333333333
