4 0.238 0.7237237237237237 0.152 0.5525525525525525
4 0.346 0.6696696696696697 0.132 0.6606606606606606
4 0.491 0.6846846846846847 0.154 0.6306306306306306
4 0.668 0.6876876876876877 0.156 0.6246246246246246
4 0.242 0.21771771771771772 0.056 0.2012012012012012
4 0.336 0.23273273273273273 0.072 0.2072072072072072
4 0.302 0.14714714714714713 0.048 0.13213213213213212
4 0.391 0.18618618618618618 0.042 0.1921921921921922
4 0.426 0.3063063063063063 0.056 0.26426426426426425
4 0.522 0.3303303303303303 0.064 0.24024024024024024
4 0.525 0.14864864864864866 0.054 0.14114114114114115
4 0.473 0.1906906906906907 0.05 0.13513513513513514
4 0.44 0.10960960960960961 0.052 0.13513513513513514
4 0.366 0.08258258258258258 0.052 0.11711711711711711
4 0.57 0.17567567567567569 0.04 0.05105105105105105
4 0.681 0.20270270270270271 0.054 0.0990990990990991
4 0.723 0.18768768768768768 0.058 0.15915915915915915
4 0.76 0.12762762762762764 0.056 0.1111111111111111
4 0.788 0.21771771771771772 0.056 0.08708708708708708
4 0.822 0.1966966966966967 0.06 0.12912912912912913
4 0.903 0.25075075075075076 0.058 0.0990990990990991
4 0.932 0.1966966966966967 0.06 0.08708708708708708
4 0.967 0.13813813813813813 0.054 0.08408408408408409
4 0.86 0.11711711711711711 0.044 0.07807807807807808
