2 0.244 0.18351063829787234 0.136 0.10106382978723404
2 0.366 0.2912234042553192 0.136 0.10372340425531915
2 0.37 0.20877659574468085 0.14 0.11436170212765957
2 0.379 0.9122340425531915 0.154 0.10638297872340426
2 0.633 0.8617021276595744 0.218 0.1276595744680851
2 0.826 0.8085106382978723 0.164 0.10106382978723404
2 0.943 0.526595744680851 0.114 0.12234042553191489
2 0.628 0.5199468085106383 0.192 0.11436170212765957
2 0.764 0.37632978723404253 0.148 0.10904255319148937
2 0.792 0.0625 0.152 0.09840425531914894
2 0.583 0.0678191489361702 0.126 0.10372340425531915
2 0.665 0.10505319148936171 0.126 0.07712765957446809
2 0.178 0.2526595744680851 0.128 0.11702127659574468
2 0.256 0.839095744680851 0.212 0.14095744680851063
2 0.457 0.8191489361702128 0.118 0.12234042553191489
2 0.732 0.7832446808510638 0.172 0.10372340425531915
2 0.729 0.574468085106383 0.142 0.0851063829787234
2 0.432 0.7313829787234043 0.232 0.15425531914893617
2 0.285 0.6196808510638298 0.154 0.1276595744680851
2 0.23 0.4601063829787234 0.136 0.16489361702127658
2 0.369 0.41356382978723405 0.138 0.14627659574468085
2 0.823 0.3045212765957447 0.166 0.125
2 0.639 0.2553191489361702 0.13 0.13829787234042554
2 0.417 0.14893617021276595 0.102 0.09574468085106383
2 0.339 0.125 0.078 0.10638297872340426
2 0.5 0.6050531914893617 0.192 0.1356382978723404
2 0.936 0.1196808510638298 0.08 0.13297872340425532
2 0.847 0.17553191489361702 0.146 0.13297872340425532
2 0.737 0.16356382978723405 0.126 0.07712765957446809
2 0.759 0.21409574468085107 0.102 0.14627659574468085
2 0.524 0.3670212765957447 0.144 0.14893617021276595
2 0.523 0.3204787234042553 0.15 0.09840425531914894
2 0.661 0.34175531914893614 0.102 0.125
2 0.66 0.4401595744680851 0.136 0.09308510638297872
2 0.755 0.4787234042553192 0.134 0.11170212765957446
2 0.953 0.42021276595744683 0.094 0.12234042553191489
2 0.9 0.04521276595744681 0.096 0.07446808510638298
2 0.865 0.2526595744680851 0.142 0.10106382978723404
2 0.549 0.19281914893617022 0.094 0.125
2 0.594 0.13430851063829788 0.096 0.125
2 0.45 0.261968085106383 0.088 0.11436170212765957
2 0.93 0.3045212765957447 0.128 0.06648936170212766
