10 0.406 0.8973333333333333 0.64 0.20533333333333334
10 0.441 0.672 0.498 0.3413333333333333
10 0.483 0.404 0.226 0.2
14 0.634 0.448 0.24 0.3626666666666667
14 0.728 0.5653333333333334 0.204 0.464
14 0.744 0.656 0.512 0.688
14 0.249 0.46 0.19 0.3546666666666667
14 0.138 0.256 0.084 0.096
14 0.116 0.5773333333333334 0.228 0.6106666666666667
14 0.694 0.11733333333333333 0.052 0.176
4 0.4 0.9266666666666666 0.064 0.14666666666666667
4 0.342 0.9253333333333333 0.072 0.14933333333333335
4 0.449 0.5973333333333334 0.046 0.17066666666666666
4 0.416 0.6 0.048 0.16
