14 0.461 0.27066666666666667 0.042 0.14666666666666667
14 0.191 0.25333333333333335 0.03 0.096
14 0.132 0.2613333333333333 0.036 0.08533333333333333
14 0.858 0.30133333333333334 0.084 0.2773333333333333
14 0.78 0.304 0.072 0.2826666666666667
14 0.647 0.416 0.218 0.752
4 0.388 0.8386666666666667 0.036 0.14666666666666667
4 0.432 0.856 0.024 0.10133333333333333
4 0.551 0.856 0.034 0.12266666666666666
4 0.585 0.86 0.03 0.11466666666666667
4 0.352 0.844 0.024 0.10933333333333334
4 0.305 0.824 0.026 0.128
