14 0.777 0.6066666666666667 0.406 0.7866666666666666
14 0.498 0.684 0.192 0.5626666666666666
14 0.298 0.5986666666666667 0.224 0.552
14 0.237 0.20533333333333334 0.118 0.18666666666666668
14 0.137 0.12533333333333332 0.09 0.24
14 0.267 0.09333333333333334 0.078 0.18133333333333335
14 0.356 0.04133333333333333 0.056 0.072
8 0.273 0.784 0.266 0.416
8 0.156 0.6666666666666666 0.156 0.384
8 0.969 0.6613333333333333 0.03 0.14933333333333335
8 0.203 0.408 0.106 0.21333333333333335
8 0.242 0.364 0.084 0.18933333333333333
