16 0.745 0.46 0.31 0.236
16 0.625 0.334 0.298 0.076
16 0.692 0.319 0.304 0.074
16 0.302 0.406 0.308 0.284
16 0.07 0.312 0.136 0.192
16 0.302 0.238 0.188 0.048
16 0.526 0.25 0.124 0.06
16 0.539 0.237 0.258 0.074
16 0.497 0.472 0.238 0.248
16 0.928 0.257 0.116 0.066
16 0.147 0.363 0.262 0.218
16 0.954 0.326 0.092 0.16
16 0.976 0.21 0.044 0.064
16 0.788 0.246 0.1 0.072
16 0.81 0.263 0.124 0.054
16 0.881 0.39 0.114 0.228
16 0.673 0.259 0.138 0.078
16 0.273 0.279 0.05 0.058
16 0.182 0.251 0.104 0.05
