10 0.815 0.9128440366972477 0.37 0.1743119266055046
10 0.766 0.790519877675841 0.256 0.10091743119266056
10 0.736 0.7064220183486238 0.184 0.0672782874617737
10 0.693 0.6376146788990825 0.174 0.0581039755351682
8 0.628 0.8685015290519877 0.208 0.26299694189602446
8 0.601 0.8027522935779816 0.078 0.25382262996941896
8 0.647 0.7400611620795107 0.114 0.19571865443425077
8 0.627 0.6697247706422018 0.062 0.1529051987767584
8 0.677 0.6330275229357798 0.046 0.09174311926605505
8 0.872 0.7415902140672783 0.056 0.19877675840978593
8 0.93 0.7614678899082569 0.072 0.1529051987767584
8 0.882 0.6681957186544343 0.088 0.1620795107033639
8 0.983 0.7293577981651376 0.034 0.21712538226299694
8 0.781 0.6299694189602446 0.046 0.07951070336391437
