14 0.961 0.698905109489051 0.078 0.3686131386861314
14 0.682 0.6551094890510949 0.084 0.2737226277372263
14 0.736 0.6587591240875912 0.076 0.2956204379562044
14 0.792 0.666058394160584 0.064 0.3175182481751825
14 0.831 0.666058394160584 0.114 0.33211678832116787
14 0.526 0.5091240875912408 0.252 0.9817518248175182
14 0.463 0.5602189781021898 0.282 0.8795620437956204
8 0.373 0.6532846715328468 0.038 0.1678832116788321
8 0.281 0.6478102189781022 0.038 0.17153284671532848
8 0.244 0.6441605839416058 0.04 0.17153284671532848
