10 0.502 0.784 0.996 0.432
4 0.891 0.748 0.102 0.392
4 0.519 0.6986666666666667 0.058 0.24533333333333332
4 0.516 0.6413333333333333 0.076 0.28
4 0.631 0.6093333333333333 0.074 0.25333333333333335
4 0.328 0.5106666666666667 0.112 0.08266666666666667
15 0.62 0.2 0.136 0.17066666666666666
8 0.944 0.5026666666666667 0.112 0.168
14 0.839 0.4826666666666667 0.322 0.368
14 0.642 0.4533333333333333 0.22 0.3626666666666667
14 0.375 0.412 0.294 0.37066666666666664
14 0.116 0.44533333333333336 0.208 0.336
