6 0.5613333333333334 0.834 0.28 0.136
6 0.22133333333333333 0.809 0.3413333333333333 0.086
15 0.33466666666666667 0.836 0.088 0.112
15 0.15733333333333333 0.815 0.08 0.086
15 0.28 0.394 0.048 0.04
15 0.332 0.377 0.034666666666666665 0.038
15 0.392 0.353 0.048 0.038
15 0.264 0.575 0.05333333333333334 0.038
15 0.32 0.561 0.05333333333333334 0.042
15 0.6373333333333333 0.481 0.144 0.19
15 0.5386666666666666 0.263 0.07466666666666667 0.086
13 0.868 0.854 0.152 0.092
8 0.8213333333333334 0.89 0.064 0.076
