8 0.775 0.5906666666666667 0.122 0.2853333333333333
8 0.667 0.464 0.098 0.05333333333333334
8 0.55 0.472 0.092 0.037333333333333336
8 0.439 0.47733333333333333 0.09 0.032
8 0.336 0.4866666666666667 0.084 0.04
8 0.189 0.524 0.05 0.06666666666666667
8 0.151 0.5493333333333333 0.062 0.07466666666666667
8 0.07 0.596 0.072 0.07733333333333334
8 0.018 0.6253333333333333 0.032 0.072
8 0.611 0.6173333333333333 0.13 0.24266666666666667
8 0.442 0.6426666666666667 0.124 0.208
8 0.335 0.6573333333333333 0.11 0.2
8 0.284 0.7026666666666667 0.084 0.12533333333333332
10 0.444 0.872 0.884 0.256
10 0.443 0.7386666666666667 0.878 0.5226666666666666
