16 0.531437125748503 0.726 0.5 0.328
16 0.3787425149700599 0.598 0.2964071856287425 0.256
16 0.9520958083832335 0.582 0.08982035928143713 0.152
16 0.6107784431137725 0.596 0.17964071856287425 0.164
16 0.18113772455089822 0.592 0.11676646706586827 0.092
16 0.7664670658682635 0.328 0.08383233532934131 0.072
16 0.3218562874251497 0.379 0.08083832335329341 0.058
16 0.1377245508982036 0.561 0.1497005988023952 0.086
16 0.0688622754491018 0.554 0.08982035928143713 0.1
16 0.1631736526946108 0.346 0.15868263473053892 0.064
16 0.3143712574850299 0.315 0.08383233532934131 0.062
16 0.4491017964071856 0.29 0.08383233532934131 0.068
16 0.6137724550898204 0.292 0.0658682634730539 0.056
16 0.6751497005988024 0.272 0.08083832335329341 0.06
16 0.2470059880239521 0.28 0.11676646706586827 0.06
16 0.07934131736526946 0.14 0.0688622754491018 0.056
16 0.0748502994011976 0.1 0.0658682634730539 0.044
16 0.8368263473053892 0.211 0.11676646706586827 0.05
16 0.5913173652694611 0.139 0.06287425149700598 0.038
16 0.6586826347305389 0.157 0.0658682634730539 0.042
16 0.7395209580838323 0.172 0.0658682634730539 0.044
16 0.7949101796407185 0.181 0.04491017964071856 0.042
16 0.7440119760479041 0.13 0.08682634730538923 0.032
16 0.8488023952095808 0.164 0.05688622754491018 0.048
16 0.9760479041916168 0.152 0.04790419161676647 0.044
16 0.9610778443113772 0.458 0.07784431137724551 0.088
