1 0.7 0.7332402234636871 0.072 0.19832402234636873
1 0.763 0.659217877094972 0.062 0.16201117318435754
1 0.547 0.75 0.058 0.22625698324022347
1 0.388 0.7681564245810056 0.104 0.2011173184357542
1 0.156 0.7793296089385475 0.096 0.22905027932960895
14 0.385 0.6536312849162011 0.11 0.37988826815642457
14 0.166 0.6452513966480447 0.112 0.30726256983240224
14 0.543 0.6438547486033519 0.102 0.3547486033519553
14 0.704 0.6243016759776536 0.116 0.38268156424581007
14 0.096 0.6857541899441341 0.068 0.3324022346368715
14 0.025 0.6634078212290503 0.046 0.3547486033519553
14 0.828 0.5698324022346368 0.052 0.2569832402234637
14 0.883 0.5782122905027933 0.05 0.2681564245810056
14 0.926 0.5670391061452514 0.044 0.2737430167597765
14 0.965 0.5586592178770949 0.058 0.27932960893854747
14 0.991 0.5558659217877095 0.018 0.2569832402234637
5 0.534 0.5293296089385475 0.204 0.2709497206703911
5 0.671 0.5237430167597765 0.306 0.3100558659217877
