6 0.491 0.43866666666666665 0.75 0.7386666666666667
14 0.848 0.268 0.06 0.25866666666666666
14 0.763 0.232 0.05 0.144
14 0.898 0.2813333333333333 0.036 0.184
14 0.914 0.24933333333333332 0.044 0.19466666666666665
14 0.723 0.21733333333333332 0.042 0.14666666666666667
14 0.194 0.24 0.024 0.11733333333333333
14 0.215 0.232 0.022 0.08533333333333333
14 0.241 0.21866666666666668 0.018 0.096
14 0.076 0.23466666666666666 0.028 0.12266666666666666
14 0.113 0.236 0.034 0.11466666666666667
14 0.148 0.22933333333333333 0.028 0.112
14 0.17 0.23466666666666666 0.024 0.096
