14 0.125 0.5413333333333333 0.158 0.3253333333333333
14 0.246 0.488 0.12 0.16
14 0.41 0.5826666666666667 0.164 0.34933333333333333
15 0.901 0.3973333333333333 0.17 0.24533333333333332
15 0.694 0.37333333333333335 0.164 0.208
15 0.172 0.6586666666666666 0.184 0.288
15 0.331 0.6746666666666666 0.174 0.29333333333333333
14 0.628 0.5893333333333334 0.16 0.49066666666666664
14 0.69 0.6653333333333333 0.232 0.47733333333333333
14 0.822 0.6746666666666666 0.352 0.6453333333333333
17 0.286 0.6506666666666666 0.564 0.384
17 0.764 0.744 0.376 0.5066666666666667
