14 0.725 0.524 0.178 0.2693333333333333
14 0.866 0.6053333333333333 0.26 0.56
14 0.127 0.696 0.25 0.5386666666666666
14 0.178 0.5 0.312 0.2906666666666667
14 0.396 0.36 0.088 0.15466666666666667
8 0.711 0.92 0.406 0.16
8 0.875 0.7946666666666666 0.242 0.4
8 0.381 0.46266666666666667 0.146 0.13066666666666665
8 0.279 0.4533333333333333 0.102 0.24533333333333332
4 0.59 0.6546666666666666 0.044 0.216
4 0.43 0.4866666666666667 0.032 0.13066666666666665
4 0.482 0.5013333333333333 0.032 0.12266666666666666
10 0.471 0.756 0.55 0.4666666666666667
10 0.278 0.38266666666666665 0.212 0.09333333333333334
8 0.222 0.324 0.052 0.056
