8 0.248 0.6566265060240963 0.052 0.15060240963855423
8 0.308 0.6490963855421686 0.048 0.14759036144578314
8 0.357 0.6536144578313253 0.034 0.16265060240963855
8 0.401 0.6445783132530121 0.054 0.13855421686746988
8 0.2 0.6310240963855421 0.056 0.1355421686746988
8 0.25 0.5632530120481928 0.04 0.05421686746987952
8 0.21 0.5753012048192772 0.024 0.04819277108433735
8 0.296 0.572289156626506 0.032 0.04819277108433735
8 0.341 0.5753012048192772 0.03 0.07228915662650602
8 0.402 0.5813253012048193 0.024 0.04819277108433735
8 0.502 0.5978915662650602 0.032 0.11746987951807229
8 0.527 0.6144578313253012 0.018 0.12048192771084337
8 0.551 0.6189759036144579 0.022 0.11144578313253012
