14 0.053 0.6533333333333333 0.098 0.2826666666666667
14 0.179 0.56 0.106 0.23466666666666666
14 0.256 0.596 0.072 0.152
14 0.327 0.716 0.114 0.45066666666666666
14 0.49 0.5226666666666666 0.064 0.21333333333333335
14 0.539 0.536 0.054 0.18133333333333335
14 0.526 0.7253333333333334 0.092 0.18666666666666668
14 0.677 0.6253333333333333 0.09 0.136
14 0.67 0.7466666666666667 0.108 0.32
14 0.784 0.6453333333333333 0.096 0.448
14 0.851 0.5226666666666666 0.042 0.144
14 0.893 0.5106666666666667 0.054 0.14666666666666667
8 0.03 0.92 0.056 0.16
8 0.295 0.8373333333333334 0.202 0.3253333333333333
8 0.517 0.824 0.102 0.24
8 0.695 0.8173333333333334 0.154 0.23733333333333334
