4 0.901 0.472 0.086 0.29333333333333333
14 0.651 0.6373333333333333 0.486 0.7253333333333334
14 0.31 0.6666666666666666 0.552 0.6666666666666666
14 0.883 0.48133333333333334 0.234 0.952
14 0.777 0.16133333333333333 0.186 0.312
14 0.381 0.18133333333333335 0.254 0.35733333333333334
14 0.269 0.324 0.414 0.6373333333333333
14 0.511 0.148 0.066 0.2906666666666667
14 0.064 0.6173333333333333 0.124 0.7653333333333333
14 0.055 0.25333333333333335 0.106 0.304
14 0.312 0.10133333333333333 0.14 0.19733333333333333
