8 0.724 0.452 0.112 0.09866666666666667
8 0.53 0.464 0.068 0.11733333333333333
8 0.455 0.492 0.094 0.12533333333333332
8 0.359 0.52 0.122 0.16
8 0.272 0.5413333333333333 0.108 0.16533333333333333
8 0.11 0.588 0.176 0.20533333333333334
8 0.133 0.808 0.262 0.384
8 0.81 0.5773333333333334 0.052 0.30666666666666664
8 0.769 0.6373333333333333 0.09 0.35733333333333334
8 0.717 0.6826666666666666 0.082 0.4106666666666667
8 0.625 0.7413333333333333 0.166 0.48
8 0.458 0.7693333333333333 0.264 0.4613333333333333
10 0.429 0.7466666666666667 0.774 0.5066666666666667
