2 0.552 0.7222222222222222 0.828 0.34534534534534533
2 0.582 0.37237237237237236 0.156 0.11411411411411411
2 0.513 0.46546546546546547 0.042 0.0960960960960961
2 0.946 0.512012012012012 0.056 0.10510510510510511
2 0.873 0.4774774774774775 0.058 0.0960960960960961
2 0.825 0.4339339339339339 0.046 0.07507507507507508
2 0.832 0.3183183183183183 0.056 0.07207207207207207
2 0.309 0.19369369369369369 0.106 0.08708708708708708
2 0.53 0.2222222222222222 0.06 0.09009009009009009
2 0.161 0.8648648648648649 0.318 0.21621621621621623
