8 0.9626666666666667 0.714 0.07466666666666667 0.344
8 0.2906666666666667 0.945 0.576 0.11
8 0.092 0.705 0.17866666666666667 0.194
8 0.20266666666666666 0.612 0.176 0.172
8 0.332 0.58 0.14666666666666667 0.124
8 0.7426666666666667 0.533 0.19466666666666665 0.058
14 0.464 0.431 0.2826666666666667 0.318
4 0.7106666666666667 0.429 0.024 0.046
4 0.6653333333333333 0.452 0.024 0.076
4 0.632 0.441 0.032 0.082
4 0.6066666666666667 0.425 0.024 0.034
4 0.58 0.436 0.029333333333333333 0.064
10 0.4666666666666667 0.773 0.928 0.454
