5 0.939622641509434 0.814 0.12075471698113208 0.06
6 0.9018867924528302 0.86 0.09056603773584905 0.04
14 0.9641509433962264 0.915 0.07169811320754717 0.17
14 0.8150943396226416 0.9 0.17358490566037735 0.2
14 0.4188679245283019 0.905 0.19622641509433963 0.19
14 0.2339622641509434 0.909 0.18867924528301888 0.182
14 0.06792452830188679 0.893 0.12830188679245283 0.198
14 0.1018867924528302 0.861 0.03773584905660377 0.046
14 0.5490566037735849 0.855 0.033962264150943396 0.034
14 0.5188679245283019 0.854 0.018867924528301886 0.032
