3 0.178 0.5196078431372549 0.064 0.036414565826330535
3 0.194 0.37815126050420167 0.056 0.10644257703081232
3 0.023 0.3165266106442577 0.03 0.05042016806722689
3 0.074 0.3291316526610644 0.032 0.025210084033613446
3 0.119 0.31512605042016806 0.034 0.06442577030812324
3 0.129 0.29971988795518206 0.03 0.028011204481792718
3 0.174 0.29831932773109243 0.008 0.03081232492997199
3 0.18 0.32072829131652664 0.032 0.058823529411764705
3 0.218 0.2969187675070028 0.02 0.028011204481792718
3 0.228 0.31932773109243695 0.036 0.06162464985994398
3 0.287 0.32212885154061627 0.038 0.06162464985994398
3 0.317 0.3165266106442577 0.022 0.05042016806722689
3 0.331 0.3235294117647059 0.026 0.05322128851540616
3 0.343 0.32212885154061627 0.046 0.028011204481792718
3 0.398 0.31932773109243695 0.032 0.07282913165266107
3 0.467 0.32212885154061627 0.03 0.06162464985994398
3 0.487 0.3081232492997199 0.03 0.06162464985994398
3 0.514 0.33613445378151263 0.044 0.07282913165266107
3 0.548 0.32072829131652664 0.04 0.06442577030812324
3 0.598 0.3277310924369748 0.032 0.06162464985994398
3 0.683 0.3235294117647059 0.038 0.06442577030812324
3 0.776 0.30532212885154064 0.044 0.07282913165266107
3 0.842 0.32212885154061627 0.044 0.06722689075630252
3 0.855 0.3179271708683473 0.03 0.058823529411764705
3 0.9 0.3291316526610644 0.032 0.05322128851540616
3 0.714 0.3697478991596639 0.092 0.12885154061624648
3 0.511 0.5798319327731093 0.082 0.06722689075630252
3 0.272 0.42436974789915966 0.056 0.10364145658263306
3 0.486 0.6526610644257703 0.108 0.0784313725490196
3 0.618 0.3795518207282913 0.036 0.07563025210084033
3 0.786 0.37254901960784315 0.04 0.06722689075630252
3 0.329 0.4369747899159664 0.046 0.028011204481792718
