19 0.207 0.42933333333333334 0.142 0.16533333333333333
8 0.058 0.7373333333333333 0.112 0.41333333333333333
17 0.585 0.6053333333333333 0.418 0.32
14 0.591 0.52 0.346 0.21333333333333335
8 0.891 0.37733333333333335 0.078 0.09333333333333334
8 0.877 0.42133333333333334 0.134 0.19733333333333333
8 0.899 0.45066666666666666 0.118 0.24
8 0.661 0.364 0.078 0.104
8 0.642 0.376 0.104 0.10133333333333333
8 0.627 0.3893333333333333 0.13 0.112
8 0.547 0.368 0.066 0.12266666666666666
8 0.526 0.388 0.076 0.13066666666666665
8 0.412 0.43066666666666664 0.084 0.14666666666666667
8 0.776 0.332 0.076 0.056
8 0.745 0.4493333333333333 0.098 0.17866666666666667
10 0.754 0.444 0.188 0.2
