14 0.789 0.6021021021021021 0.422 0.7957957957957958
14 0.733 0.45045045045045046 0.206 0.5705705705705706
14 0.509 0.3078078078078078 0.166 0.5915915915915916
14 0.295 0.3483483483483483 0.114 0.5465465465465466
14 0.114 0.2777777777777778 0.196 0.4954954954954955
14 0.183 0.5555555555555556 0.258 0.5885885885885885
8 0.869 0.9354354354354354 0.262 0.12912912912912913
8 0.795 0.4009009009009009 0.214 0.35135135135135137
8 0.499 0.45345345345345345 0.118 0.2042042042042042
8 0.283 0.45795795795795796 0.138 0.21921921921921922
8 0.069 0.34984984984984985 0.126 0.2972972972972973
