14 0.897 0.5133333333333333 0.206 0.9733333333333334
14 0.85 0.5693333333333334 0.248 0.8613333333333333
14 0.716 0.36 0.128 0.32
14 0.622 0.5773333333333334 0.292 0.8453333333333334
14 0.372 0.5426666666666666 0.348 0.9146666666666666
14 0.11 0.5733333333333334 0.216 0.8533333333333334
4 0.187 0.13066666666666665 0.042 0.176
4 0.154 0.132 0.044 0.17333333333333334
4 0.117 0.132 0.03 0.17333333333333334
4 0.078 0.09866666666666667 0.04 0.128
4 0.043 0.09866666666666667 0.034 0.144
4 0.021 0.10266666666666667 0.022 0.12533333333333332
14 0.668 0.15866666666666668 0.092 0.136
