6 0.889 0.524 0.206 0.12
6 0.769 0.5133333333333333 0.174 0.104
6 0.659 0.49866666666666665 0.154 0.096
6 0.567 0.5 0.154 0.09866666666666667
6 0.497 0.492 0.114 0.07733333333333334
6 0.428 0.49066666666666664 0.144 0.07466666666666667
6 0.353 0.48533333333333334 0.134 0.06933333333333333
6 0.287 0.47733333333333333 0.102 0.06933333333333333
6 0.262 0.472 0.132 0.048
6 0.206 0.4666666666666667 0.096 0.042666666666666665
6 0.166 0.4653333333333333 0.068 0.04
6 0.134 0.4613333333333333 0.092 0.05333333333333334
6 0.083 0.4613333333333333 0.09 0.037333333333333336
