10 0.523 0.7387387387387387 0.93 0.5165165165165165
10 0.449 0.4189189189189189 0.274 0.11711711711711711
14 0.71 0.3978978978978979 0.172 0.3813813813813814
14 0.882 0.6231231231231231 0.228 0.6276276276276276
14 0.794 0.46546546546546547 0.196 0.4744744744744745
14 0.247 0.43543543543543545 0.226 0.43243243243243246
14 0.11 0.5765765765765766 0.216 0.7447447447447447
14 0.488 0.1906906906906907 0.088 0.22522522522522523
14 0.575 0.33633633633633636 0.114 0.2882882882882883
14 0.271 0.3333333333333333 0.094 0.2822822822822823
14 0.739 0.16666666666666666 0.102 0.2852852852852853
