14 0.5266666666666666 0.546 0.19466666666666665 0.616
14 0.7173333333333334 0.347 0.037333333333333336 0.058
14 0.9386666666666666 0.35 0.02666666666666667 0.056
14 0.964 0.352 0.029333333333333333 0.056
14 0.6466666666666666 0.345 0.04533333333333334 0.05
14 0.104 0.333 0.037333333333333336 0.058
14 0.16133333333333333 0.338 0.034666666666666665 0.056
14 0.284 0.348 0.018666666666666668 0.028
14 0.35733333333333334 0.331 0.037333333333333336 0.058
14 0.45866666666666667 0.347 0.02666666666666667 0.03
14 0.19333333333333333 0.348 0.029333333333333333 0.032
