6 0.965 0.5813333333333334 0.07 0.07466666666666667
6 0.11 0.58 0.076 0.06133333333333333
6 0.248 0.576 0.104 0.058666666666666666
6 0.355 0.576 0.11 0.07466666666666667
6 0.455 0.5786666666666667 0.07 0.05333333333333334
6 0.523 0.5773333333333334 0.046 0.056
6 0.623 0.5826666666666667 0.122 0.06133333333333333
6 0.77 0.58 0.16 0.09333333333333334
6 0.169 0.564 0.066 0.06133333333333333
6 0.916 0.5666666666666667 0.056 0.07733333333333334
6 0.869 0.572 0.046 0.08266666666666667
6 0.589 0.5733333333333334 0.106 0.064
6 0.521 0.576 0.038 0.05333333333333334
