10 0.494 0.6133333333333333 0.696 0.7733333333333333
10 0.089 0.336 0.166 0.16
4 0.515 0.4866666666666667 0.038 0.09333333333333334
4 0.533 0.4026666666666667 0.042 0.144
4 0.572 0.37466666666666665 0.032 0.14133333333333334
4 0.543 0.30533333333333335 0.022 0.04
4 0.58 0.2813333333333333 0.024 0.04533333333333334
14 0.705 0.18666666666666668 0.038 0.08
14 0.716 0.2613333333333333 0.104 0.192
14 0.77 0.3413333333333333 0.156 0.272
14 0.798 0.4066666666666667 0.148 0.30133333333333334
14 0.811 0.604 0.378 0.584
14 0.594 0.164 0.08 0.11466666666666667
14 0.501 0.16933333333333334 0.05 0.104
14 0.48 0.212 0.084 0.12
14 0.422 0.236 0.12 0.136
14 0.371 0.276 0.23 0.21066666666666667
14 0.33 0.41333333333333333 0.18 0.336
14 0.253 0.48533333333333334 0.218 0.4106666666666667
14 0.165 0.7066666666666667 0.326 0.5866666666666667
