14 0.156 0.15866666666666668 0.068 0.10933333333333334
14 0.448 0.17733333333333334 0.032 0.06133333333333333
14 0.221 0.19866666666666666 0.042 0.088
14 0.399 0.6186666666666667 0.042 0.08533333333333333
14 0.332 0.768 0.06 0.08533333333333333
14 0.331 0.6853333333333333 0.07 0.10133333333333333
14 0.398 0.7306666666666667 0.056 0.09066666666666667
14 0.411 0.9653333333333334 0.054 0.058666666666666666
14 0.526 0.676 0.032 0.06666666666666667
14 0.533 0.4573333333333333 0.046 0.07733333333333334
14 0.609 0.35333333333333333 0.026 0.09866666666666667
14 0.695 0.5453333333333333 0.042 0.088
14 0.721 0.7133333333333334 0.046 0.08266666666666667
14 0.654 0.7186666666666667 0.032 0.07733333333333334
14 0.693 0.7906666666666666 0.03 0.06666666666666667
14 0.688 0.176 0.028 0.06933333333333333
14 0.603 0.18133333333333335 0.026 0.07466666666666667
14 0.562 0.152 0.028 0.08533333333333333
14 0.651 0.156 0.03 0.06666666666666667
14 0.608 0.13733333333333334 0.036 0.07733333333333334
14 0.579 0.104 0.022 0.048
