10 0.504 0.6986666666666667 0.92 0.6026666666666667
8 0.948 0.84 0.104 0.32
8 0.067 0.8373333333333334 0.13 0.3253333333333333
8 0.261 0.516 0.062 0.136
8 0.288 0.4653333333333333 0.052 0.13066666666666665
8 0.648 0.3466666666666667 0.072 0.12266666666666666
8 0.497 0.344 0.09 0.09066666666666667
8 0.189 0.496 0.034 0.13866666666666666
14 0.878 0.5693333333333334 0.244 0.47733333333333333
14 0.719 0.4106666666666667 0.278 0.368
14 0.715 0.3453333333333333 0.102 0.24266666666666667
14 0.506 0.256 0.132 0.26666666666666666
14 0.166 0.5826666666666667 0.324 0.552
14 0.274 0.4266666666666667 0.144 0.2826666666666667
14 0.351 0.33466666666666667 0.122 0.216
14 0.224 0.248 0.088 0.25066666666666665
