4 0.618 0.8288288288288288 0.084 0.3123123123123123
4 0.503 0.7957957957957958 0.074 0.29429429429429427
4 0.41 0.7567567567567568 0.076 0.2702702702702703
4 0.329 0.7282282282282282 0.074 0.2552552552552553
4 0.255 0.7027027027027027 0.066 0.23423423423423423
4 0.177 0.6411411411411412 0.078 0.3153153153153153
4 0.106 0.6201201201201201 0.076 0.3033033033033033
4 0.051 0.6081081081081081 0.058 0.2852852852852853
4 0.02 0.5885885885885885 0.036 0.2702702702702703
4 0.786 0.46846846846846846 0.088 0.3663663663663664
4 0.693 0.46096096096096095 0.082 0.35735735735735735
4 0.616 0.44594594594594594 0.076 0.32732732732732733
4 0.542 0.44144144144144143 0.076 0.3303303303303303
4 0.482 0.42492492492492495 0.064 0.27927927927927926
4 0.415 0.4264264264264264 0.07 0.29429429429429427
4 0.362 0.4219219219219219 0.056 0.2672672672672673
4 0.31 0.42042042042042044 0.056 0.27627627627627627
4 0.249 0.4159159159159159 0.07 0.24324324324324326
4 0.622 0.6036036036036037 0.084 0.18018018018018017
4 0.457 0.6651651651651652 0.074 0.3633633633633634
4 0.351 0.5855855855855856 0.086 0.2222222222222222
4 0.259 0.566066066066066 0.078 0.2132132132132132
4 0.2 0.4174174174174174 0.056 0.23423423423423423
4 0.157 0.4114114114114114 0.062 0.23423423423423423
4 0.115 0.37537537537537535 0.046 0.15615615615615616
4 0.078 0.36786786786786785 0.048 0.15915915915915915
4 0.045 0.3633633633633634 0.042 0.15015015015015015
4 0.017 0.4039039039039039 0.03 0.2132132132132132
4 0.813 0.19369369369369369 0.09 0.3813813813813814
4 0.72 0.19369369369369369 0.088 0.3813813813813814
4 0.639 0.1996996996996997 0.098 0.3933933933933934
4 0.54 0.19369369369369369 0.072 0.3813813813813814
4 0.462 0.1891891891891892 0.072 0.37237237237237236
4 0.39 0.1891891891891892 0.072 0.36036036036036034
4 0.328 0.19519519519519518 0.06 0.35435435435435436
4 0.283 0.2012012012012012 0.058 0.3483483483483483
4 0.238 0.1981981981981982 0.052 0.3303303303303303
4 0.192 0.19519519519519518 0.06 0.32432432432432434
4 0.149 0.1966966966966967 0.054 0.32732732732732733
4 0.101 0.17717717717717718 0.058 0.24624624624624625
4 0.053 0.17567567567567569 0.054 0.23723723723723725
