11 0.79 0.6973333333333334 0.08 0.11466666666666667
11 0.431 0.7706666666666667 0.118 0.176
11 0.307 0.7013333333333334 0.138 0.14933333333333335
11 0.292 0.684 0.128 0.16266666666666665
11 0.217 0.6573333333333333 0.066 0.14133333333333334
11 0.311 0.584 0.05 0.05333333333333334
11 0.211 0.5666666666666667 0.066 0.056
11 0.174 0.552 0.02 0.02666666666666667
11 0.038 0.8786666666666667 0.072 0.24266666666666667
14 0.921 0.648 0.106 0.256
14 0.743 0.5306666666666666 0.034 0.10133333333333333
14 0.679 0.6266666666666667 0.086 0.30933333333333335
14 0.543 0.5266666666666666 0.022 0.104
14 0.487 0.6826666666666666 0.134 0.4746666666666667
14 0.388 0.572 0.092 0.25333333333333335
14 0.102 0.712 0.168 0.576
14 0.043 0.5053333333333333 0.038 0.08266666666666667
14 0.169 0.5013333333333333 0.03 0.07466666666666667
14 0.211 0.548 0.034 0.11466666666666667
14 0.264 0.5653333333333334 0.052 0.09066666666666667
