8 0.44823529411764707 0.7445141065830722 0.04941176470588235 0.07836990595611286
8 0.5823529411764706 0.7884012539184952 0.058823529411764705 0.07836990595611286
8 0.76 0.8510971786833855 0.07529411764705882 0.07836990595611286
8 0.26941176470588235 0.8824451410658307 0.12 0.23510971786833856
8 0.40352941176470586 0.9153605015673981 0.12470588235294118 0.16927899686520376
8 0.5623529411764706 0.9655172413793104 0.08 0.06896551724137931
8 0.9835294117647059 0.9404388714733543 0.03294117647058824 0.08150470219435736
8 0.1223529411764706 0.731974921630094 0.03764705882352941 0.09090909090909091
8 0.06823529411764706 0.8793103448275862 0.1223529411764706 0.21630094043887146
10 0.3458823529411765 0.8432601880877743 0.2164705882352941 0.26332288401253917
10 0.47294117647058825 0.8840125391849529 0.26823529411764707 0.23197492163009403
10 0.668235294117647 0.9184952978056427 0.31058823529411766 0.16300940438871472
10 0.9117647058823529 0.9655172413793104 0.17647058823529413 0.06896551724137931
10 0.07176470588235294 0.8213166144200627 0.1388235294117647 0.22570532915360503
