6 0.353 0.42133333333333334 0.446 0.33066666666666666
6 0.802 0.3546666666666667 0.396 0.272
14 0.889 0.19066666666666668 0.046 0.06133333333333333
14 0.987 0.18266666666666667 0.026 0.08266666666666667
14 0.932 0.19466666666666665 0.032 0.05333333333333334
14 0.75 0.22533333333333333 0.024 0.09866666666666667
14 0.72 0.22933333333333333 0.028 0.08533333333333333
14 0.575 0.30266666666666664 0.058 0.22666666666666666
14 0.516 0.24933333333333332 0.032 0.072
14 0.485 0.2693333333333333 0.046 0.10133333333333333
14 0.463 0.23066666666666666 0.026 0.050666666666666665
14 0.434 0.23733333333333334 0.04 0.048
14 0.403 0.244 0.034 0.04
14 0.368 0.24666666666666667 0.04 0.04
14 0.205 0.276 0.066 0.10933333333333334
14 0.102 0.3453333333333333 0.056 0.21066666666666667
14 0.04 0.356 0.056 0.2
14 0.429 0.30933333333333335 0.046 0.064
14 0.304 0.31866666666666665 0.084 0.088
