14 0.52 0.1757188498402556 0.132 0.25559105431309903
14 0.851 0.5511182108626198 0.298 0.7252396166134185
14 0.202 0.48242811501597443 0.36 0.5750798722044729
14 0.163 0.7587859424920128 0.322 0.48242811501597443
14 0.776 0.2731629392971246 0.236 0.3993610223642173
14 0.736 0.19488817891373802 0.144 0.28115015974440893
14 0.27 0.2507987220447284 0.204 0.43130990415335463
14 0.221 0.3035143769968051 0.214 0.4792332268370607
10 0.562 0.6214057507987221 0.764 0.7571884984025559
8 0.948 0.3274760383386581 0.104 0.2779552715654952
