19 0.95625 0.265 0.0875 0.11666666666666667
19 0.815 0.25166666666666665 0.08 0.09666666666666666
19 0.67625 0.245 0.0775 0.09
19 0.5625 0.235 0.08 0.07666666666666666
19 0.44375 0.23166666666666666 0.0625 0.08333333333333333
19 0.355 0.21666666666666667 0.05 0.06666666666666667
19 0.25625 0.2733333333333333 0.0925 0.1
19 0.14125 0.2916666666666667 0.1125 0.10333333333333333
19 0.025 0.25166666666666665 0.045 0.05
19 0.03625 0.32 0.0675 0.12666666666666668
19 0.21625 0.4633333333333333 0.2025 0.23333333333333334
19 0.38875 0.395 0.1575 0.17666666666666667
19 0.52 0.35 0.115 0.14666666666666667
19 0.5925 0.31666666666666665 0.095 0.12
8 0.59375 0.89 0.3825 0.22
8 0.76375 0.7616666666666667 0.2425 0.31666666666666665
8 0.9575 0.64 0.04 0.09333333333333334
8 0.93125 0.505 0.1025 0.22333333333333333
8 0.9825 0.4633333333333333 0.035 0.17333333333333334
8 0.95 0.42 0.085 0.13333333333333333
8 0.80875 0.41833333333333333 0.1025 0.17
8 0.6625 0.3416666666666667 0.07 0.06333333333333334
8 0.6875 0.475 0.11 0.16333333333333333
8 0.655 0.565 0.14 0.21
