4 0.256 0.7026666666666667 0.036 0.12533333333333332
14 0.31 0.48133333333333334 0.224 0.43466666666666665
14 0.478 0.48933333333333334 0.196 0.6053333333333333
14 0.674 0.668 0.296 0.664
14 0.752 0.412 0.192 0.47733333333333333
14 0.865 0.7266666666666667 0.27 0.5466666666666666
17 0.603 0.2866666666666667 0.17 0.17333333333333334
15 0.655 0.068 0.098 0.13066666666666665
8 0.064 0.94 0.124 0.12
14 0.015 0.5786666666666667 0.026 0.048
10 0.259 0.8106666666666666 0.514 0.37866666666666665
8 0.245 0.44 0.11 0.112
