8 0.967 0.408 0.066 0.07466666666666667
8 0.898 0.42933333333333334 0.052 0.176
8 0.955 0.5346666666666666 0.09 0.09333333333333334
8 0.834 0.584 0.052 0.192
8 0.766 0.4146666666666667 0.036 0.10933333333333334
8 0.725 0.3586666666666667 0.03 0.056
8 0.024 0.5786666666666667 0.04 0.176
8 0.452 0.49733333333333335 0.108 0.14133333333333334
8 0.582 0.4666666666666667 0.056 0.21333333333333335
8 0.589 0.43466666666666665 0.094 0.19733333333333333
10 0.56 0.7853333333333333 0.42 0.42933333333333334
14 0.081 0.8266666666666667 0.154 0.3466666666666667
14 0.275 0.7226666666666667 0.434 0.5546666666666666
14 0.341 0.632 0.306 0.5173333333333333
14 0.659 0.48 0.13 0.2613333333333333
14 0.71 0.708 0.324 0.584
14 0.928 0.788 0.144 0.424
14 0.473 0.204 0.078 0.12533333333333332
14 0.334 0.36666666666666664 0.104 0.17333333333333334
14 0.449 0.44133333333333336 0.13 0.248
14 0.452 0.3373333333333333 0.104 0.12533333333333332
