8 0.023 0.8973333333333333 0.042 0.20533333333333334
8 0.107 0.8893333333333333 0.114 0.22133333333333333
8 0.438 0.8866666666666667 0.096 0.22666666666666666
8 0.297 0.8733333333333333 0.042 0.20533333333333334
8 0.347 0.8893333333333333 0.102 0.22133333333333333
8 0.822 0.844 0.084 0.184
8 0.951 0.8493333333333334 0.082 0.17866666666666667
8 0.891 0.8386666666666667 0.062 0.17333333333333334
15 0.261 0.876 0.05 0.136
15 0.216 0.884 0.06 0.14133333333333334
15 0.166 0.896 0.032 0.07466666666666667
15 0.143 0.9586666666666667 0.086 0.07733333333333334
