4 0.908 0.9459459459459459 0.184 0.10810810810810811
4 0.183 0.933933933933934 0.358 0.13213213213213212
4 0.597 0.9354354354354354 0.354 0.12912912912912913
4 0.163 0.527027027027027 0.102 0.12912912912912913
4 0.26 0.524024024024024 0.092 0.12312312312312312
4 0.343 0.5285285285285285 0.078 0.11411411411411411
4 0.434 0.5285285285285285 0.084 0.12612612612612611
4 0.473 0.42042042042042044 0.078 0.12012012012012012
4 0.514 0.31681681681681684 0.076 0.11711711711711711
4 0.552 0.4174174174174174 0.08 0.12612612612612611
4 0.515 0.53003003003003 0.078 0.12312312312312312
4 0.596 0.5330330330330331 0.088 0.12312312312312312
4 0.64 0.42342342342342343 0.076 0.1021021021021021
4 0.597 0.31981981981981983 0.082 0.12312312312312312
4 0.638 0.2057057057057057 0.084 0.12912912912912913
4 0.682 0.3138138138138138 0.08 0.11711711711711711
4 0.727 0.42042042042042044 0.078 0.12612612612612611
4 0.686 0.527027027027027 0.076 0.11711711711711711
4 0.766 0.53003003003003 0.084 0.11711711711711711
4 0.799 0.4144144144144144 0.078 0.10810810810810811
4 0.764 0.3123123123123123 0.084 0.11411411411411411
4 0.849 0.30930930930930933 0.09 0.12612612612612611
4 0.894 0.4219219219219219 0.1 0.11711711711711711
4 0.854 0.5330330330330331 0.088 0.11711711711711711
4 0.944 0.5345345345345346 0.096 0.13213213213213212
