0 0.579 0.5705705705705706 0.842 0.8588588588588588
6 0.333 0.7327327327327328 0.07 0.0960960960960961
6 0.379 0.7492492492492493 0.046 0.057057057057057055
6 0.247 0.7387387387387387 0.05 0.07807807807807808
6 0.083 0.7432432432432432 0.106 0.057057057057057055
6 0.113 0.7627627627627628 0.042 0.05405405405405406
14 0.17 0.7267267267267268 0.012 0.06006006006006006
14 0.151 0.7507507507507507 0.026 0.1021021021021021
14 0.139 0.7327327327327328 0.018 0.07807807807807808
14 0.024 0.7747747747747747 0.044 0.07207207207207207
