14 0.586 0.5666666666666667 0.828 0.8666666666666667
14 0.54 0.49866666666666665 0.172 0.7306666666666667
14 0.396 0.5266666666666666 0.176 0.7226666666666667
14 0.038 0.392 0.06 0.176
14 0.075 0.392 0.038 0.16533333333333333
14 0.971 0.48133333333333334 0.058 0.5253333333333333
6 0.13 0.3933333333333333 0.068 0.056
6 0.097 0.3893333333333333 0.046 0.048
6 0.155 0.39466666666666667 0.054 0.064
6 0.284 0.4106666666666667 0.096 0.08533333333333333
6 0.229 0.404 0.09 0.08266666666666667
6 0.187 0.396 0.066 0.06133333333333333
6 0.932 0.428 0.056 0.06133333333333333
6 0.881 0.472 0.046 0.128
