2 0.112 0.724 0.044 0.09333333333333334
2 0.33 0.648 0.036 0.064
2 0.206 0.368 0.064 0.07466666666666667
2 0.166 0.30533333333333335 0.068 0.034666666666666665
2 0.537 0.23866666666666667 0.106 0.12533333333333332
2 0.342 0.448 0.084 0.128
2 0.537 0.54 0.19 0.13066666666666665
2 0.732 0.6013333333333334 0.2 0.14666666666666667
2 0.744 0.43066666666666664 0.072 0.06666666666666667
2 0.552 0.49733333333333335 0.092 0.06666666666666667
2 0.572 0.4146666666666667 0.028 0.06133333333333333
2 0.821 0.19333333333333333 0.042 0.034666666666666665
2 0.661 0.18933333333333333 0.042 0.037333333333333336
2 0.65 0.22133333333333333 0.052 0.042666666666666665
2 0.442 0.23066666666666666 0.056 0.04533333333333334
2 0.058 0.18133333333333335 0.04 0.037333333333333336
2 0.894 0.20133333333333334 0.028 0.024
2 0.852 0.22266666666666668 0.028 0.029333333333333333
2 0.432 0.188 0.032 0.029333333333333333
2 0.38 0.17466666666666666 0.028 0.029333333333333333
2 0.11 0.16933333333333334 0.032 0.029333333333333333
2 0.215 0.164 0.03 0.034666666666666665
2 0.698 0.312 0.02 0.037333333333333336
