14 0.528 0.5123839009287926 0.052 0.16408668730650156
14 0.29 0.4938080495356037 0.08 0.21362229102167182
14 0.394 0.5015479876160991 0.076 0.18575851393188855
14 0.435 0.5046439628482973 0.046 0.16718266253869968
12 0.284 0.5959752321981424 0.056 0.1826625386996904
12 0.33 0.5928792569659442 0.036 0.1826625386996904
12 0.388 0.5882352941176471 0.068 0.17956656346749225
12 0.429 0.5897832817337462 0.022 0.15170278637770898
12 0.477 0.5913312693498453 0.042 0.1609907120743034
12 0.529 0.5773993808049536 0.042 0.1393188854489164
12 0.573 0.5789473684210527 0.038 0.13622291021671826
