8 0.583 0.586436170212766 0.066 0.023936170212765957
8 0.659 0.723404255319149 0.038 0.24468085106382978
8 0.457 0.601063829787234 0.03 0.047872340425531915
8 0.53 0.75 0.092 0.26595744680851063
10 0.55 0.7287234042553191 0.22 0.2712765957446808
8 0.36 0.7047872340425532 0.12 0.09042553191489362
8 0.047 0.7513297872340425 0.078 0.11436170212765957
8 0.501 0.875 0.078 0.25
8 0.393 0.9082446808510638 0.154 0.18351063829787234
10 0.266 0.8563829787234043 0.52 0.2872340425531915
15 0.224 0.31117021276595747 0.092 0.10638297872340426
