6 0.147 0.7777777777777778 0.29 0.4264264264264264
6 0.345 0.6681681681681682 0.374 0.2732732732732733
6 0.548 0.5870870870870871 0.24 0.17117117117117117
6 0.637 0.5645645645645646 0.202 0.15015015015015015
6 0.757 0.5345345345345346 0.082 0.0960960960960961
6 0.801 0.5225225225225225 0.054 0.07807807807807808
6 0.825 0.5015015015015015 0.034 0.06606606606606606
14 0.871 0.5705705705705706 0.066 0.24024024024024024
14 0.891 0.536036036036036 0.038 0.23123123123123124
14 0.343 0.6111111111111112 0.078 0.09309309309309309
14 0.56 0.56006006006006 0.04 0.07507507507507508
14 0.648 0.536036036036036 0.032 0.06306306306306306
