14 0.426 0.481981981981982 0.096 0.36936936936936937
14 0.317 0.6816816816816816 0.162 0.24024024024024024
14 0.287 0.8663663663663663 0.206 0.2672672672672673
14 0.555 0.8303303303303303 0.318 0.33933933933933935
14 0.897 0.496996996996997 0.206 0.6276276276276276
8 0.084 0.7792792792792793 0.16 0.33933933933933935
8 0.032 0.5480480480480481 0.06 0.14714714714714713
17 0.54 0.53003003003003 0.324 0.3813813813813814
8 0.78 0.7252252252252253 0.164 0.2732732732732733
19 0.856 0.2987987987987988 0.036 0.05105105105105105
