6 0.544 0.4537037037037037 0.832 0.58994708994709
6 0.244 0.21428571428571427 0.484 0.3915343915343915
6 0.721 0.11243386243386243 0.178 0.0873015873015873
6 0.908 0.12962962962962962 0.14 0.10052910052910052
6 0.97 0.19973544973544974 0.06 0.17724867724867724
6 0.946 0.16137566137566137 0.056 0.06878306878306878
6 0.406 0.08597883597883597 0.248 0.1455026455026455
6 0.626 0.09523809523809523 0.112 0.10052910052910052
6 0.833 0.11243386243386243 0.094 0.09259259259259259
6 0.561 0.08068783068783068 0.058 0.10317460317460317
