9 0.363 0.5466666666666666 0.47 0.43733333333333335
9 0.402 0.408 0.276 0.3413333333333333
14 0.841 0.2733333333333333 0.086 0.38666666666666666
14 0.926 0.2826666666666667 0.08 0.35733333333333334
14 0.172 0.172 0.124 0.33866666666666667
14 0.281 0.16933333333333334 0.106 0.3333333333333333
14 0.684 0.11066666666666666 0.076 0.14133333333333334
14 0.792 0.20266666666666666 0.072 0.3253333333333333
14 0.904 0.18266666666666667 0.092 0.3333333333333333
14 0.627 0.08133333333333333 0.062 0.12533333333333332
