6 0.494 0.5293333333333333 0.9 0.68
6 0.823 0.13733333333333334 0.126 0.06666666666666667
6 0.675 0.136 0.186 0.07466666666666667
6 0.781 0.344 0.438 0.3413333333333333
6 0.519 0.152 0.178 0.09066666666666667
6 0.258 0.2 0.256 0.15466666666666667
6 0.067 0.252 0.13 0.216
6 0.059 0.13866666666666666 0.114 0.10133333333333333
6 0.165 0.136 0.114 0.09066666666666667
6 0.304 0.11066666666666666 0.124 0.050666666666666665
6 0.573 0.112 0.09 0.064
6 0.041 0.8253333333333334 0.078 0.34933333333333333
14 0.954 0.156 0.092 0.24266666666666667
14 0.879 0.096 0.026 0.064
14 0.848 0.084 0.032 0.050666666666666665
14 0.778 0.088 0.044 0.06933333333333333
14 0.738 0.08933333333333333 0.04 0.07733333333333334
14 0.704 0.07333333333333333 0.008 0.034666666666666665
14 0.686 0.07466666666666667 0.032 0.058666666666666666
14 0.579 0.06933333333333333 0.022 0.032
14 0.504 0.06533333333333333 0.02 0.034666666666666665
14 0.54 0.064 0.028 0.032
14 0.403 0.10666666666666667 0.082 0.13866666666666666
