14 0.867 0.24882075471698112 0.234 0.41273584905660377
14 0.697 0.27122641509433965 0.19 0.36792452830188677
14 0.562 0.2841981132075472 0.3 0.35141509433962265
14 0.374 0.27358490566037735 0.176 0.3632075471698113
14 0.273 0.28773584905660377 0.122 0.33490566037735847
14 0.119 0.33372641509433965 0.194 0.2429245283018868
14 0.18 0.7558962264150944 0.328 0.36556603773584906
14 0.386 0.7099056603773585 0.136 0.17452830188679244
14 0.453 0.7806603773584906 0.33 0.3160377358490566
14 0.6 0.7370283018867925 0.12 0.22877358490566038
14 0.665 0.8301886792452831 0.098 0.2169811320754717
14 0.776 0.7523584905660378 0.236 0.3584905660377358
15 0.844 0.6910377358490566 0.284 0.3632075471698113
