4 0.332 0.19866666666666666 0.06 0.264
4 0.41 0.17333333333333334 0.08 0.336
4 0.493 0.172 0.078 0.3333333333333333
4 0.577 0.172 0.082 0.33866666666666667
4 0.664 0.17066666666666666 0.08 0.33066666666666666
4 0.747 0.17066666666666666 0.082 0.336
4 0.832 0.17333333333333334 0.08 0.336
4 0.91 0.16933333333333334 0.068 0.3333333333333333
4 0.973 0.168 0.054 0.33066666666666666
4 0.076 0.736 0.136 0.512
4 0.191 0.732 0.134 0.49866666666666665
4 0.225 0.568 0.078 0.2826666666666667
4 0.307 0.708 0.122 0.5093333333333333
4 0.348 0.5106666666666667 0.072 0.168
4 0.424 0.7213333333333334 0.116 0.5146666666666667
4 0.455 0.472 0.042 0.096
4 0.498 0.5466666666666666 0.052 0.192
4 0.576 0.472 0.04 0.128
4 0.597 0.5386666666666666 0.07 0.18666666666666668
4 0.714 0.544 0.068 0.19733333333333333
4 0.716 0.49866666666666665 0.084 0.20266666666666666
4 0.83 0.5146666666666667 0.072 0.24
4 0.956 0.496 0.088 0.208
4 0.531 0.724 0.118 0.49866666666666665
4 0.645 0.7226666666666667 0.11 0.5013333333333333
4 0.764 0.7253333333333334 0.12 0.49066666666666664
4 0.882 0.704 0.12 0.5386666666666666
4 0.968 0.728 0.064 0.49066666666666664
