6 0.784 0.47297297297297297 0.22 0.26126126126126126
6 0.835 0.042042042042042045 0.082 0.07807807807807808
6 0.671 0.07807807807807808 0.106 0.09009009009009009
6 0.423 0.03303303303303303 0.09 0.06006006006006006
6 0.363 0.024024024024024024 0.058 0.042042042042042045
6 0.284 0.2552552552552553 0.152 0.14414414414414414
6 0.394 0.33933933933933935 0.164 0.15615615615615616
6 0.425 0.44144144144144143 0.202 0.10810810810810811
6 0.458 0.5840840840840841 0.312 0.24324324324324326
6 0.535 0.2147147147147147 0.13 0.12912912912912913
6 0.721 0.24324324324324326 0.146 0.14414414414414414
6 0.655 0.2972972972972973 0.146 0.15615615615615616
6 0.934 0.25825825825825827 0.132 0.15615615615615616
6 0.913 0.1996996996996997 0.126 0.14114114114114115
6 0.977 0.08858858858858859 0.046 0.08708708708708708
