10 0.664 0.696 0.672 0.608
14 0.945 0.39866666666666667 0.11 0.6106666666666667
14 0.849 0.436 0.154 0.472
14 0.646 0.3893333333333333 0.32 0.4533333333333333
14 0.591 0.35333333333333333 0.118 0.21066666666666667
14 0.439 0.348 0.11 0.16266666666666665
14 0.309 0.508 0.386 0.616
14 0.177 0.3546666666666667 0.114 0.26666666666666666
8 0.08 0.6146666666666667 0.092 0.248
8 0.107 0.5066666666666667 0.042 0.08533333333333333
8 0.111 0.46 0.034 0.050666666666666665
14 0.158 0.9186666666666666 0.296 0.16266666666666665
