14 0.478 0.6351351351351351 0.244 0.35135135135135137
14 0.678 0.481981981981982 0.348 0.5975975975975976
14 0.072 0.15465465465465467 0.112 0.3033033033033033
14 0.155 0.14414414414414414 0.078 0.2822822822822823
14 0.243 0.14564564564564564 0.122 0.2852852852852853
14 0.366 0.15615615615615616 0.088 0.3063063063063063
14 0.444 0.14714714714714713 0.092 0.2882882882882883
14 0.498 0.16216216216216217 0.116 0.3183183183183183
14 0.76 0.16216216216216217 0.088 0.3183183183183183
14 0.849 0.16516516516516516 0.102 0.32432432432432434
14 0.938 0.16216216216216217 0.096 0.3183183183183183
14 0.608 0.10810810810810811 0.112 0.21021021021021022
