14 0.047 0.48133333333333334 0.09 0.392
14 0.138 0.532 0.112 0.2693333333333333
14 0.295 0.42 0.09 0.07733333333333334
14 0.392 0.404 0.048 0.07733333333333334
14 0.473 0.2946666666666667 0.05 0.072
14 0.567 0.2693333333333333 0.038 0.037333333333333336
14 0.634 0.25066666666666665 0.032 0.048
14 0.738 0.396 0.056 0.09333333333333334
14 0.862 0.37066666666666664 0.036 0.05333333333333334
14 0.944 0.37466666666666665 0.04 0.056
14 0.867 0.284 0.054 0.152
6 0.581 0.544 0.838 0.576
14 0.582 0.22933333333333333 0.076 0.11733333333333333
14 0.512 0.24 0.056 0.12266666666666666
14 0.443 0.284 0.074 0.22666666666666666
