6 0.9201388888888888 0.7024793388429752 0.13194444444444445 0.11570247933884298
6 0.6510416666666666 0.6322314049586777 0.1076388888888889 0.049586776859504134
6 0.6493055555555556 0.6983471074380165 0.11805555555555555 0.10743801652892562
6 0.7378472222222222 0.7995867768595041 0.1284722222222222 0.11983471074380166
6 0.7725694444444444 0.9235537190082644 0.16319444444444445 0.1446280991735537
6 0.4131944444444444 0.5165289256198347 0.08333333333333333 0.06611570247933884
6 0.3628472222222222 0.5867768595041323 0.10069444444444445 0.08264462809917356
6 0.4149305555555556 0.6425619834710744 0.09375 0.09504132231404959
6 0.4548611111111111 0.7169421487603306 0.1111111111111111 0.10330578512396695
6 0.453125 0.8202479338842975 0.13541666666666666 0.128099173553719
6 0.453125 0.9442148760330579 0.15625 0.1115702479338843
6 0.8263888888888888 0.44008264462809915 0.0763888888888889 0.07024793388429752
6 0.7378472222222222 0.4214876033057851 0.07291666666666667 0.05785123966942149
6 0.6927083333333334 0.3884297520661157 0.06597222222222222 0.06611570247933884
6 0.17708333333333334 0.8181818181818182 0.1527777777777778 0.1652892561983471
