16 0.353 0.448 0.13 0.13866666666666666
16 0.258 0.43466666666666665 0.1 0.12266666666666666
16 0.315 0.38133333333333336 0.106 0.05333333333333334
16 0.452 0.324 0.036 0.06133333333333333
16 0.201 0.484 0.07 0.088
16 0.488 0.324 0.032 0.056
16 0.514 0.3293333333333333 0.028 0.06666666666666667
16 0.501 0.22666666666666666 0.022 0.037333333333333336
16 0.543 0.212 0.018 0.029333333333333333
16 0.627 0.43066666666666664 0.074 0.136
16 0.707 0.42 0.05 0.12
16 0.757 0.44533333333333336 0.062 0.13866666666666666
16 0.785 0.3973333333333333 0.026 0.096
16 0.833 0.43866666666666665 0.07 0.14133333333333334
16 0.817 0.39066666666666666 0.046 0.06666666666666667
