6 0.338 0.35333333333333333 0.532 0.312
6 0.658 0.6613333333333333 0.684 0.6773333333333333
6 0.684 0.24533333333333332 0.164 0.09066666666666667
6 0.885 0.224 0.13 0.064
6 0.744 0.22266666666666668 0.068 0.04533333333333334
6 0.085 0.24133333333333334 0.074 0.04533333333333334
6 0.14 0.24266666666666667 0.048 0.032
6 0.241 0.22666666666666666 0.09 0.048
6 0.363 0.20666666666666667 0.086 0.034666666666666665
6 0.462 0.21466666666666667 0.104 0.050666666666666665
6 0.625 0.22 0.114 0.07733333333333334
6 0.558 0.22133333333333333 0.028 0.037333333333333336
