16 0.599 0.7146666666666667 0.438 0.5706666666666667
16 0.482 0.5706666666666667 0.412 0.592
16 0.312 0.19333333333333333 0.132 0.13066666666666665
16 0.876 0.21733333333333332 0.12 0.06666666666666667
16 0.044 0.26666666666666666 0.076 0.18666666666666668
16 0.027 0.33866666666666667 0.05 0.22933333333333333
16 0.964 0.16133333333333333 0.056 0.04533333333333334
16 0.873 0.164 0.03 0.04533333333333334
16 0.969 0.2613333333333333 0.058 0.048
16 0.741 0.15866666666666668 0.038 0.04
16 0.644 0.15466666666666667 0.06 0.058666666666666666
16 0.574 0.15866666666666668 0.048 0.04
16 0.039 0.152 0.066 0.058666666666666666
16 0.228 0.15733333333333333 0.028 0.042666666666666665
16 0.254 0.18933333333333333 0.036 0.064
