13 0.113 0.5725075528700906 0.222 0.2809667673716012
13 0.455 0.5030211480362538 0.254 0.31722054380664655
13 0.705 0.46676737160120846 0.118 0.25075528700906347
13 0.772 0.42900302114803623 0.08 0.18126888217522658
13 0.654 0.40483383685800606 0.06 0.1933534743202417
14 0.054 0.40483383685800606 0.104 0.37462235649546827
14 0.463 0.3942598187311178 0.122 0.36555891238670696
14 0.514 0.27341389728096677 0.096 0.1540785498489426
14 0.655 0.26435045317220546 0.07 0.11782477341389729
14 0.709 0.3776435045317221 0.126 0.338368580060423
14 0.793 0.3549848942598187 0.09 0.27492447129909364
14 0.628 0.20241691842900303 0.036 0.1148036253776435
14 0.409 0.19939577039274925 0.022 0.10876132930513595
6 0.068 0.17673716012084592 0.08 0.10574018126888217
13 0.849 0.19939577039274925 0.03 0.06042296072507553
13 0.881 0.20996978851963746 0.034 0.06948640483383686
13 0.911 0.20694864048338368 0.026 0.05740181268882175
13 0.936 0.21148036253776434 0.036 0.06646525679758308
6 0.255 0.16767371601208458 0.038 0.0513595166163142
