3 0.395 0.892 0.042 0.09866666666666667
3 0.434 0.8986666666666666 0.04 0.096
3 0.464 0.9013333333333333 0.02 0.032
3 0.507 0.7786666666666666 0.046 0.07466666666666667
3 0.462 0.772 0.048 0.07733333333333334
3 0.414 0.7773333333333333 0.048 0.06133333333333333
3 0.447 0.704 0.03 0.064
3 0.414 0.7 0.028 0.04
3 0.379 0.708 0.034 0.050666666666666665
3 0.348 0.7133333333333334 0.028 0.04533333333333334
3 0.396 0.6653333333333333 0.024 0.034666666666666665
3 0.336 0.636 0.092 0.09866666666666667
3 0.339 0.6693333333333333 0.022 0.032
3 0.297 0.5693333333333334 0.034 0.04
3 0.266 0.5666666666666667 0.032 0.034666666666666665
3 0.265 0.5093333333333333 0.018 0.037333333333333336
3 0.235 0.49733333333333335 0.03 0.06666666666666667
3 0.217 0.5186666666666667 0.022 0.034666666666666665
