4 0.489 0.5413333333333333 0.022 0.10666666666666667
4 0.685 0.772 0.05 0.20533333333333334
4 0.859 0.716 0.046 0.184
14 0.757 0.3466666666666667 0.07 0.18133333333333335
14 0.264 0.3626666666666667 0.14 0.21866666666666668
14 0.295 0.4746666666666667 0.134 0.21333333333333335
14 0.512 0.49066666666666664 0.172 0.24533333333333332
14 0.724 0.528 0.176 0.26666666666666666
14 0.956 0.5906666666666667 0.088 0.31733333333333336
14 0.052 0.5093333333333333 0.1 0.24533333333333332
14 0.253 0.7093333333333334 0.442 0.576
8 0.126 0.7853333333333333 0.244 0.42933333333333334
10 0.594 0.7866666666666666 0.812 0.4266666666666667
