5 0.312 0.5598802395209581 0.452 0.3413173652694611
14 0.267 0.7245508982035929 0.062 0.2754491017964072
14 0.184 0.6796407185628742 0.048 0.2275449101796407
14 0.353 0.7170658682634731 0.05 0.2904191616766467
14 0.487 0.687125748502994 0.054 0.2125748502994012
14 0.789 0.7035928143712575 0.038 0.2215568862275449
14 0.83 0.7320359281437125 0.072 0.24251497005988024
14 0.751 0.6317365269461078 0.038 0.18562874251497005
14 0.786 0.6526946107784432 0.032 0.17365269461077845
14 0.851 0.5973053892215568 0.046 0.18263473053892215
14 0.909 0.6497005988023952 0.042 0.19760479041916168
14 0.979 0.6661676646706587 0.042 0.20658682634730538
6 0.663 0.6002994011976048 0.09 0.08682634730538923
