2 0.167 0.5673913043478261 0.038 0.06086956521739131
2 0.197 0.5576086956521739 0.03 0.08478260869565217
2 0.236 0.5673913043478261 0.032 0.07391304347826087
2 0.268 0.558695652173913 0.036 0.09130434782608696
2 0.342 0.5478260869565217 0.04 0.1
2 0.489 0.5543478260869565 0.03 0.08695652173913043
2 0.522 0.558695652173913 0.036 0.06521739130434782
2 0.305 0.6239130434782608 0.098 0.11304347826086956
14 0.663 0.7065217391304348 0.186 0.5869565217391305
14 0.902 0.675 0.196 0.65
14 0.063 0.6673913043478261 0.122 0.6652173913043479
